243117
97468
925765
2131786
4905
168518
314879
367896
877189
90137
2543931
1560216
73083
25071
207057
773329
980223
776955
255378
449821
261162
2398436
1508883
302531
1203876
978955
2451485
591134
266168
1632930
262209
534435
55139
93441
7059
36493
16917
154641
21037
154008
13349
35705
7548
13065
15742
4722
5685
4414464
4879
1688826
1263144
192351
462872
964453
1137109
1688275
1236884
36320
657034
413779
3825589
1721403
1300898
1635169
733263
2085578
1704361
2097881
4189940
4019851
1423530
819
3778175
4569567
2218649
8873
2212844
3101718
62806
5079817
3628307
2175513
3864553
8585
3091196
3404775
4346045
2554816
8090951
3178962
3926284
1920946
2435239
906915
2820995
1523286
4806034
2158393
7418015
8644697
4637227
2663574
1680161
3875329
376783
1787424
2550701
5622808
3145524
2381998
2982471
5442104
6707953
11283884
2040438
2214000
1483151
5204043
7858803
1754091
1761866
1251170
789925
6279139
2575709
2380342
3425200
3023028
3180812
4426207
3811794
2760206
2715997
2638258
5801818
7276776
3219060
4772406
3337710
8638631
6626962
5719360
4771678
8466339
2106815
4325479
6916777
7406681
8160062
5528641
3557810
3793121
6687222
1982443
4079635
4068616
3843913
2904892
3646278
1705048
6039427
4881415
5663759
2036289
4785847
4056649
4000340
3552543
4732959
5298956
4346053
8753742
4441438
5199906
1523796
4159712
3562922
6366454
2704743
2533176
2940227
3541011
1157730
5091002
937334
647787
7554
1064334
1099748
1705891
2234587
1965225
533741
1442690
7841
1037670
453959
1896033
1249769
2794185
3133640
583419
14142
4938214
3150363
4131611
3048969
3541628
4343104
3252195
3207789
7331398
5354541
3298132
1615992
657466
1137859
2694183
4454365
5359247
3916394
3031541
2872848
1517546
3553756
2350482
4464049
3381655
4388036
1301968
4591441
2602903
1291348
2789742
209849
7087900
5308828
6278937
2551610
1766143
1085442
2629161
3257965
2909907
3883641
2672213
5158447
5186986
5096764
4083348
2706479
3167247
4210083
5499176
5267461
5520314
1203595
2070543
5488093
948377
2518290
1873012
2562321
3106272
992352
1888498
2378131
4187342
3135201
832999
296903
350576
452833
244283
394174
637488
398308
1095479
237365
245230
259635
127372
711390
642731
2293491
2706866
1620912
2476343
3114924
2414184
2567501
2752497
1472542
796964
1540603
181731
763963
287505
2004290
2065996
658574
1152158
587727
759771
1008520
1584843
877060
