156708
65239
534900
1080857
4215
110939
207074
228642
494452
61203
1271946
807413
50976
19069
142595
452038
537133
433263
158673
260164
159043
1226706
797254
182043
635010
523760
1247123
327327
161154
891815
148173
295844
33868
58194
5081
25492
12255
90874
14449
92107
9284
22681
6323
10302
11993
4044
3884
1871022
4131
895654
677837
114261
265351
515322
623960
872908
656627
24536
364786
238323
1959341
933923
732005
913277
451180
1060170
904100
1094442
2023262
1956708
795659
658
1804223
2148051
1121887
7546
1144267
1519481
42549
2335767
1743770
1098542
1907649
7206
1521050
1655623
2055594
1261434
3639466
1561936
1903596
962509
1238334
519148
1466368
808222
2336056
1143156
3398762
3821816
2282407
1438090
930090
1956562
238130
945651
1311113
2660206
1578300
1232696
1518929
2594719
3142031
5579873
1011398
1097093
747690
2823519
3763407
1035287
1036152
743728
482571
3326904
1452509
1384970
1811730
1724629
1799134
2429932
2115965
1565810
1519145
1522998
2966978
3588278
1744005
2477406
1796966
4211365
3300715
2944195
2508086
4174957
1177804
2278990
3476364
3718683
4024997
2854155
1906021
2024716
3384020
1115679
2181486
2143163
2066921
1586778
1936350
973937
3120031
2560480
2924147
1143691
2495445
2176149
2047672
1896631
2472965
2793220
2339180
4355885
2328024
2696892
877932
2210705
1887196
3240759
1295558
1247320
1483030
1754011
662961
2447681
530280
375332
6164
585638
605872
918584
1154827
1065542
322128
799836
6714
616420
279315
1055514
721273
1464807
1556537
326625
12033
2604930
1764985
2170413
1701167
1936502
2331655
1491593
1460653
3048887
2240969
1535241
812366
359620
703975
1549106
2403483
2860036
1788444
1607891
1347827
798001
1683000
1173329
2066147
1616076
2044858
675864
2094221
1291570
696399
1371948
128732
3094758
2387746
2771782
1242306
896775
575963
1280344
1600732
1499574
1912515
1339333
2309982
2396762
2369428
1945006
1248944
1566008
2030241
2500359
2484289
2495008
625955
1028121
2556878
529170
1283090
962329
1281778
1515296
545590
972656
1205219
2036819
1569278
477214
184809
215499
276697
151468
240204
371337
242627
623166
147085
149491
160173
80754
415968
372597
1204075
1419265
890194
1303923
1589918
1275341
1340519
1422084
809266
463069
840999
113263
436590
176485
1069101
1093051
378728
639629
339651
425411
565752
860448
499056
