[loci]=24

[populations]=14

[pop]=1
 1	62	2	62 0 
 2	62	2	43 19 
 3	62	2	12 50 
 4	62	2	34 28 
 5	62	2	12 50 
 6	60	2	17 43 
 7	50	2	48 2 
 8	62	2	56 6 
 9	62	2	56 6 
 10	62	2	2 60 
 11	62	2	34 28 
 12	62	2	20 42 
 13	62	2	17 45 
 14	62	2	36 26 
 15	62	2	20 42 
 16	62	2	34 28 
 17	62	2	33 29 
 18	62	2	9 53 
 19	62	2	1 61 
 20	62	2	48 14 
 21	62	2	58 4 
 22	62	2	39 23 
 23	62	2	7 55 
 24	60	2	11 49 

[pop]=2
 1	126	2	121 5 
 2	126	2	89 37 
 3	126	2	15 111 
 4	126	2	92 34 
 5	126	2	15 111 
 6	126	2	53 73 
 7	126	2	113 13 
 8	126	2	114 12 
 9	126	2	121 5 
 10	126	2	6 120 
 11	126	2	74 52 
 12	126	2	35 91 
 13	126	2	36 90 
 14	124	2	85 39 
 15	126	2	37 89 
 16	126	2	55 71 
 17	126	2	57 69 
 18	122	2	6 116 
 19	126	2	5 121 
 20	126	2	90 36 
 21	126	2	121 5 
 22	126	2	90 36 
 23	126	2	3 123 
 24	126	2	39 87 

[pop]=3
 1	114	2	113 1 
 2	112	2	80 32 
 3	114	2	15 99 
 4	114	2	67 47 
 5	114	2	21 93 
 6	114	2	37 77 
 7	114	2	100 14 
 8	114	2	106 8 
 9	114	2	106 8 
 10	114	2	6 108 
 11	114	2	57 57 
 12	114	2	43 71 
 13	114	2	24 90 
 14	112	2	88 24 
 15	112	2	32 80 
 16	114	2	54 60 
 17	114	2	46 68 
 18	108	2	8 100 
 19	114	2	3 111 
 20	114	2	97 17 
 21	114	2	106 8 
 22	114	2	80 34 
 23	114	2	11 103 
 24	114	2	29 85 

[pop]=4
 1	182	2	173 9 
 2	182	2	134 48 
 3	182	2	39 143 
 4	182	2	100 82 
 5	182	2	43 139 
 6	182	2	79 103 
 7	182	2	162 20 
 8	182	2	158 24 
 9	182	2	168 14 
 10	182	2	19 163 
 11	182	2	71 111 
 12	182	2	41 141 
 13	182	2	48 134 
 14	182	2	119 63 
 15	182	2	73 109 
 16	182	2	91 91 
 17	182	2	81 101 
 18	176	2	33 143 
 19	182	2	10 172 
 20	182	2	132 50 
 21	182	2	148 34 
 22	182	2	116 66 
 23	182	2	8 174 
 24	182	2	70 112 

[pop]=5
 1	92	2	89 3 
 2	92	2	74 18 
 3	92	2	12 80 
 4	92	2	68 24 
 5	82	2	12 70 
 6	92	2	42 50 
 7	92	2	80 12 
 8	88	2	76 12 
 9	92	2	81 11 
 10	92	2	9 83 
 11	92	2	50 42 
 12	92	2	10 82 
 13	92	2	34 58 
 14	92	2	80 12 
 15	92	2	37 55 
 16	92	2	30 62 
 17	92	2	50 42 
 18	92	2	11 81 
 19	92	2	3 89 
 20	92	2	70 22 
 21	92	2	76 16 
 22	92	2	74 18 
 23	92	2	11 81 
 24	92	2	29 63 

[pop]=6
 1	90	2	88 2 
 2	90	2	72 18 
 3	90	2	17 73 
 4	90	2	63 27 
 5	88	2	11 77 
 6	90	2	30 60 
 7	90	2	80 10 
 8	90	2	79 11 
 9	90	2	80 10 
 10	90	2	8 82 
 11	90	2	54 36 
 12	90	2	14 76 
 13	84	2	32 52 
 14	88	2	76 12 
 15	90	2	36 54 
 16	90	2	42 48 
 17	90	2	48 42 
 18	86	2	12 74 
 19	90	2	1 89 
 20	90	2	63 27 
 21	90	2	82 8 
 22	90	2	69 21 
 23	90	2	17 73 
 24	90	2	31 59 

[pop]=7
 1	92	2	92 0 
 2	92	2	74 18 
 3	92	2	23 69 
 4	92	2	21 71 
 5	92	2	11 81 
 6	92	2	17 75 
 7	92	2	85 7 
 8	92	2	69 23 
 9	92	2	91 1 
 10	92	2	0 92 
 11	92	2	40 52 
 12	92	2	4 88 
 13	92	2	12 80 
 14	92	2	91 1 
 15	92	2	5 87 
 16	92	2	45 47 
 17	92	2	79 13 
 18	88	2	3 85 
 19	92	2	0 92 
 20	92	2	47 45 
 21	92	2	87 5 
 22	92	2	92 0 
 23	92	2	58 34 
 24	92	2	20 72 

[pop]=8
 1	68	2	63 5 
 2	68	2	54 14 
 3	68	2	4 64 
 4	68	2	43 25 
 5	68	2	2 66 
 6	68	2	40 28 
 7	66	2	55 11 
 8	68	2	59 9 
 9	68	2	57 11 
 10	68	2	10 58 
 11	68	2	30 38 
 12	68	2	14 54 
 13	68	2	24 44 
 14	68	2	59 9 
 15	68	2	33 35 
 16	68	2	27 41 
 17	68	2	22 46 
 18	68	2	12 56 
 19	68	2	0 68 
 20	68	2	51 17 
 21	66	2	51 15 
 22	68	2	49 19 
 23	68	2	12 56 
 24	68	2	34 34 

[pop]=9
 1	66	2	65 1 
 2	66	2	53 13 
 3	66	2	13 53 
 4	64	2	45 19 
 5	66	2	4 62 
 6	66	2	19 47 
 7	66	2	60 6 
 8	66	2	52 14 
 9	66	2	58 8 
 10	66	2	12 54 
 11	66	2	31 35 
 12	64	2	17 47 
 13	66	2	21 45 
 14	66	2	53 13 
 15	66	2	27 39 
 16	62	2	19 43 
 17	66	2	30 36 
 18	66	2	10 56 
 19	66	2	0 66 
 20	66	2	50 16 
 21	64	2	51 13 
 22	66	2	55 11 
 23	66	2	18 48 
 24	64	2	16 48 

[pop]=10
 1	94	2	91 3 
 2	94	2	67 27 
 3	94	2	16 78 
 4	94	2	45 49 
 5	94	2	4 90 
 6	94	2	15 79 
 7	94	2	76 18 
 8	94	2	87 7 
 9	94	2	90 4 
 10	94	2	13 81 
 11	94	2	55 39 
 12	94	2	41 53 
 13	94	2	23 71 
 14	94	2	72 22 
 15	94	2	34 60 
 16	92	2	32 60 
 17	94	2	72 22 
 18	90	2	13 77 
 19	94	2	0 94 
 20	94	2	75 19 
 21	94	2	91 3 
 22	94	2	62 32 
 23	94	2	45 49 
 24	94	2	52 42 

[pop]=11
 1	78	2	78 0 
 2	78	2	73 5 
 3	78	2	25 53 
 4	78	2	47 31 
 5	78	2	1 77 
 6	78	2	15 63 
 7	78	2	67 11 
 8	78	2	57 21 
 9	78	2	77 1 
 10	78	2	1 77 
 11	78	2	22 56 
 12	78	2	11 67 
 13	78	2	6 72 
 14	78	2	68 10 
 15	78	2	10 68 
 16	76	2	35 41 
 17	78	2	57 21 
 18	78	2	9 69 
 19	78	2	0 78 
 20	76	2	61 15 
 21	78	2	57 21 
 22	78	2	55 23 
 23	78	2	31 47 
 24	78	2	25 53 

[pop]=12
 1	96	2	89 7 
 2	92	2	77 15 
 3	96	2	20 76 
 4	96	2	65 31 
 5	96	2	8 88 
 6	96	2	46 50 
 7	96	2	81 15 
 8	96	2	95 1 
 9	96	2	86 10 
 10	96	2	11 85 
 11	96	2	44 52 
 12	96	2	10 86 
 13	96	2	34 62 
 14	96	2	83 13 
 15	96	2	42 54 
 16	96	2	35 61 
 17	96	2	29 67 
 18	96	2	28 68 
 19	96	2	0 96 
 20	96	2	71 25 
 21	96	2	70 26 
 22	96	2	65 31 
 23	96	2	20 76 
 24	96	2	40 56 

[pop]=13
 1	252	2	235 17 
 2	252	2	174 78 
 3	252	2	37 215 
 4	252	2	134 118 
 5	252	2	43 209 
 6	246	2	96 150 
 7	250	2	229 21 
 8	252	2	232 20 
 9	252	2	220 32 
 10	252	2	23 229 
 11	252	2	144 108 
 12	250	2	53 197 
 13	252	2	79 173 
 14	250	2	150 100 
 15	252	2	96 156 
 16	252	2	149 103 
 17	252	2	79 173 
 18	252	2	20 232 
 19	252	2	3 249 
 20	252	2	183 69 
 21	252	2	231 21 
 22	252	2	153 99 
 23	252	2	19 233 
 24	248	2	57 191 

[pop]=14
 1	276	2	264 12 
 2	276	2	210 66 
 3	270	2	43 227 
 4	274	2	180 94 
 5	276	2	34 242 
 6	270	2	116 154 
 7	276	2	255 21 
 8	276	2	267 9 
 9	276	2	249 27 
 10	276	2	23 253 
 11	276	2	163 113 
 12	272	2	89 183 
 13	276	2	65 211 
 14	276	2	200 76 
 15	276	2	96 180 
 16	274	2	142 132 
 17	276	2	82 194 
 18	276	2	22 254 
 19	276	2	6 270 
 20	276	2	218 58 
 21	276	2	257 19 
 22	276	2	192 84 
 23	276	2	24 252 
 24	272	2	73 199 


