[loci]=24

[populations]=22

[pop]=1
 1	98	2	94 4 
 2	98	2	65 33 
 3	98	2	20 78 
 4	98	2	62 36 
 5	98	2	15 83 
 6	98	2	31 67 
 7	98	2	92 6 
 8	98	2	95 3 
 9	98	2	92 6 
 10	98	2	3 95 
 11	98	2	60 38 
 12	98	2	38 60 
 13	98	2	13 85 
 14	98	2	77 21 
 15	98	2	19 79 
 16	98	2	53 45 
 17	98	2	49 49 
 18	98	2	12 86 
 19	98	2	0 98 
 20	98	2	76 22 
 21	98	2	92 6 
 22	98	2	58 40 
 23	98	2	3 95 
 24	98	2	26 72 

[pop]=2
 1	76	2	76 0 
 2	76	2	58 18 
 3	76	2	9 67 
 4	76	2	50 26 
 5	76	2	20 56 
 6	76	2	33 43 
 7	76	2	76 0 
 8	76	2	70 6 
 9	76	2	69 7 
 10	76	2	0 76 
 11	76	2	40 36 
 12	74	2	13 61 
 13	76	2	9 67 
 14	76	2	67 9 
 15	76	2	18 58 
 16	74	2	38 36 
 17	76	2	20 56 
 18	76	2	0 76 
 19	76	2	0 76 
 20	76	2	68 8 
 21	76	2	76 0 
 22	76	2	33 43 
 23	76	2	5 71 
 24	76	2	15 61 

[pop]=3
 1	76	2	76 0 
 2	76	2	62 14 
 3	76	2	8 68 
 4	76	2	45 31 
 5	76	2	9 67 
 6	76	2	29 47 
 7	76	2	76 0 
 8	76	2	71 5 
 9	76	2	58 18 
 10	76	2	0 76 
 11	76	2	48 28 
 12	74	2	12 62 
 13	76	2	21 55 
 14	76	2	71 5 
 15	76	2	15 61 
 16	76	2	41 35 
 17	76	2	27 49 
 18	76	2	3 73 
 19	76	2	0 76 
 20	76	2	58 18 
 21	76	2	75 1 
 22	76	2	27 49 
 23	76	2	12 64 
 24	76	2	19 57 

[pop]=4
 1	88	2	88 0 
 2	88	2	69 19 
 3	88	2	17 71 
 4	88	2	59 29 
 5	88	2	15 73 
 6	86	2	35 51 
 7	88	2	87 1 
 8	88	2	87 1 
 9	88	2	76 12 
 10	88	2	0 88 
 11	88	2	47 41 
 12	88	2	12 76 
 13	86	2	24 62 
 14	88	2	74 14 
 15	88	2	7 81 
 16	88	2	61 27 
 17	88	2	24 64 
 18	88	2	5 83 
 19	88	2	0 88 
 20	88	2	81 7 
 21	88	2	88 0 
 22	88	2	50 38 
 23	88	2	7 81 
 24	88	2	23 65 

[pop]=5
 1	94	2	94 0 
 2	94	2	68 26 
 3	94	2	14 80 
 4	94	2	59 35 
 5	94	2	26 68 
 6	94	2	32 62 
 7	94	2	94 0 
 8	94	2	93 1 
 9	94	2	74 20 
 10	94	2	0 94 
 11	94	2	54 40 
 12	94	2	15 79 
 13	94	2	27 67 
 14	94	2	84 10 
 15	92	2	22 70 
 16	94	2	65 29 
 17	94	2	17 77 
 18	94	2	1 93 
 19	94	2	0 94 
 20	94	2	78 16 
 21	94	2	91 3 
 22	94	2	33 61 
 23	94	2	5 89 
 24	94	2	18 76 

[pop]=6
 1	198	2	198 0 
 2	198	2	158 40 
 3	198	2	39 159 
 4	198	2	142 56 
 5	198	2	54 144 
 6	198	2	62 136 
 7	198	2	195 3 
 8	198	2	196 2 
 9	198	2	166 32 
 10	198	2	1 197 
 11	198	2	130 68 
 12	198	2	34 164 
 13	198	2	56 142 
 14	198	2	165 33 
 15	196	2	35 161 
 16	198	2	116 82 
 17	198	2	53 145 
 18	198	2	3 195 
 19	198	2	0 198 
 20	196	2	169 27 
 21	198	2	193 5 
 22	198	2	80 118 
 23	198	2	17 181 
 24	198	2	33 165 

[pop]=7
 1	92	2	92 0 
 2	92	2	80 12 
 3	92	2	18 74 
 4	92	2	61 31 
 5	92	2	18 74 
 6	92	2	23 69 
 7	92	2	88 4 
 8	92	2	90 2 
 9	92	2	82 10 
 10	92	2	2 90 
 11	92	2	60 32 
 12	92	2	9 83 
 13	92	2	21 71 
 14	92	2	81 11 
 15	92	2	19 73 
 16	92	2	49 43 
 17	92	2	15 77 
 18	92	2	3 89 
 19	92	2	0 92 
 20	92	2	68 24 
 21	92	2	88 4 
 22	92	2	45 47 
 23	92	2	3 89 
 24	92	2	20 72 

[pop]=8
 1	118	2	118 0 
 2	118	2	80 38 
 3	118	2	42 76 
 4	118	2	78 40 
 5	118	2	43 75 
 6	118	2	34 84 
 7	118	2	116 2 
 8	118	2	106 12 
 9	118	2	110 8 
 10	118	2	0 118 
 11	118	2	81 37 
 12	118	2	10 108 
 13	118	2	21 97 
 14	118	2	103 15 
 15	118	2	37 81 
 16	118	2	85 33 
 17	118	2	24 94 
 18	118	2	10 108 
 19	118	2	0 118 
 20	118	2	110 8 
 21	118	2	118 0 
 22	118	2	58 60 
 23	116	2	8 108 
 24	116	2	17 99 

[pop]=9
 1	152	2	152 0 
 2	152	2	121 31 
 3	152	2	58 94 
 4	152	2	93 59 
 5	152	2	52 100 
 6	152	2	41 111 
 7	152	2	148 4 
 8	152	2	146 6 
 9	152	2	91 61 
 10	152	2	0 152 
 11	152	2	117 35 
 12	148	2	16 132 
 13	152	2	29 123 
 14	152	2	125 27 
 15	152	2	49 103 
 16	152	2	85 67 
 17	152	2	36 116 
 18	150	2	7 143 
 19	152	2	0 152 
 20	152	2	142 10 
 21	152	2	144 8 
 22	152	2	73 79 
 23	152	2	16 136 
 24	152	2	19 133 

[pop]=10
 1	70	2	70 0 
 2	70	2	59 11 
 3	70	2	20 50 
 4	70	2	49 21 
 5	70	2	27 43 
 6	70	2	16 54 
 7	70	2	65 5 
 8	70	2	69 1 
 9	70	2	67 3 
 10	70	2	0 70 
 11	70	2	49 21 
 12	70	2	5 65 
 13	70	2	13 57 
 14	70	2	58 12 
 15	70	2	9 61 
 16	70	2	35 35 
 17	70	2	16 54 
 18	70	2	9 61 
 19	70	2	1 69 
 20	70	2	54 16 
 21	70	2	70 0 
 22	70	2	41 29 
 23	70	2	5 65 
 24	70	2	10 60 

[pop]=11
 1	184	2	184 0 
 2	184	2	138 46 
 3	184	2	40 144 
 4	184	2	111 73 
 5	184	2	47 137 
 6	182	2	61 121 
 7	182	2	182 0 
 8	184	2	178 6 
 9	184	2	175 9 
 10	184	2	0 184 
 11	184	2	147 37 
 12	184	2	27 157 
 13	184	2	24 160 
 14	184	2	145 39 
 15	184	2	27 157 
 16	184	2	120 64 
 17	184	2	35 149 
 18	184	2	20 164 
 19	184	2	0 184 
 20	184	2	150 34 
 21	184	2	183 1 
 22	184	2	78 106 
 23	184	2	9 175 
 24	184	2	21 163 

[pop]=12
 1	94	2	94 0 
 2	94	2	82 12 
 3	94	2	26 68 
 4	94	2	70 24 
 5	94	2	49 45 
 6	94	2	32 62 
 7	88	2	85 3 
 8	94	2	91 3 
 9	94	2	89 5 
 10	94	2	0 94 
 11	94	2	65 29 
 12	94	2	19 75 
 13	94	2	30 64 
 14	94	2	78 16 
 15	94	2	10 84 
 16	94	2	51 43 
 17	94	2	17 77 
 18	94	2	2 92 
 19	94	2	0 94 
 20	94	2	85 9 
 21	94	2	90 4 
 22	94	2	44 50 
 23	94	2	10 84 
 24	94	2	9 85 

[pop]=13
 1	86	2	86 0 
 2	90	2	70 20 
 3	90	2	15 75 
 4	90	2	62 28 
 5	90	2	34 56 
 6	90	2	28 62 
 7	90	2	90 0 
 8	90	2	86 4 
 9	90	2	82 8 
 10	90	2	0 90 
 11	90	2	57 33 
 12	90	2	20 70 
 13	90	2	23 67 
 14	90	2	80 10 
 15	90	2	13 77 
 16	90	2	53 37 
 17	90	2	28 62 
 18	90	2	9 81 
 19	88	2	0 88 
 20	90	2	80 10 
 21	90	2	88 2 
 22	90	2	50 40 
 23	90	2	10 80 
 24	90	2	17 73 

[pop]=14
 1	94	2	93 1 
 2	94	2	73 21 
 3	94	2	15 79 
 4	94	2	56 38 
 5	94	2	20 74 
 6	94	2	21 73 
 7	94	2	89 5 
 8	94	2	94 0 
 9	94	2	86 8 
 10	94	2	0 94 
 11	94	2	65 29 
 12	92	2	18 74 
 13	94	2	15 79 
 14	94	2	72 22 
 15	94	2	10 84 
 16	94	2	63 31 
 17	94	2	30 64 
 18	94	2	3 91 
 19	94	2	3 91 
 20	94	2	82 12 
 21	94	2	92 2 
 22	94	2	54 40 
 23	94	2	10 84 
 24	94	2	18 76 

[pop]=15
 1	90	2	90 0 
 2	90	2	72 18 
 3	90	2	18 72 
 4	90	2	54 36 
 5	90	2	11 79 
 6	88	2	21 67 
 7	90	2	84 6 
 8	90	2	89 1 
 9	90	2	73 17 
 10	90	2	5 85 
 11	90	2	61 29 
 12	90	2	19 71 
 13	90	2	24 66 
 14	88	2	75 13 
 15	88	2	11 77 
 16	90	2	41 49 
 17	90	2	20 70 
 18	90	2	19 71 
 19	90	2	0 90 
 20	90	2	72 18 
 21	90	2	87 3 
 22	90	2	60 30 
 23	90	2	7 83 
 24	90	2	11 79 

[pop]=16
 1	208	2	208 0 
 2	208	2	162 46 
 3	208	2	41 167 
 4	206	2	101 105 
 5	208	2	5 203 
 6	204	2	63 141 
 7	208	2	206 2 
 8	208	2	208 0 
 9	208	2	195 13 
 10	208	2	2 206 
 11	208	2	123 85 
 12	202	2	45 157 
 13	208	2	68 140 
 14	208	2	177 31 
 15	208	2	37 171 
 16	208	2	152 56 
 17	208	2	41 167 
 18	206	2	18 188 
 19	208	2	0 208 
 20	208	2	179 29 
 21	208	2	200 8 
 22	208	2	126 82 
 23	208	2	14 194 
 24	206	2	41 165 

[pop]=17
 1	92	2	91 1 
 2	92	2	76 16 
 3	92	2	10 82 
 4	90	2	72 18 
 5	92	2	30 62 
 6	92	2	29 63 
 7	92	2	87 5 
 8	92	2	91 1 
 9	92	2	78 14 
 10	92	2	13 79 
 11	92	2	65 27 
 12	92	2	31 61 
 13	92	2	13 79 
 14	92	2	77 15 
 15	92	2	24 68 
 16	92	2	71 21 
 17	92	2	30 62 
 18	92	2	5 87 
 19	92	2	0 92 
 20	92	2	71 21 
 21	92	2	90 2 
 22	92	2	69 23 
 23	92	2	7 85 
 24	92	2	31 61 

[pop]=18
 1	70	2	70 0 
 2	72	2	62 10 
 3	72	2	10 62 
 4	72	2	42 30 
 5	72	2	5 67 
 6	72	2	25 47 
 7	70	2	70 0 
 8	72	2	72 0 
 9	72	2	68 4 
 10	72	2	1 71 
 11	72	2	49 23 
 12	72	2	17 55 
 13	72	2	11 61 
 14	72	2	61 11 
 15	72	2	15 57 
 16	72	2	54 18 
 17	72	2	20 52 
 18	72	2	6 66 
 19	72	2	1 71 
 20	72	2	52 20 
 21	72	2	67 5 
 22	72	2	55 17 
 23	72	2	2 70 
 24	72	2	18 54 

[pop]=19
 1	170	2	168 2 
 2	170	2	122 48 
 3	170	2	37 133 
 4	170	2	94 76 
 5	170	2	25 145 
 6	168	2	50 118 
 7	170	2	162 8 
 8	170	2	160 10 
 9	170	2	158 12 
 10	170	2	8 162 
 11	170	2	117 53 
 12	170	2	50 120 
 13	170	2	44 126 
 14	170	2	139 31 
 15	170	2	28 142 
 16	170	2	99 71 
 17	170	2	59 111 
 18	170	2	16 154 
 19	170	2	0 170 
 20	170	2	131 39 
 21	170	2	156 14 
 22	170	2	124 46 
 23	170	2	15 155 
 24	168	2	60 108 

[pop]=20
 1	312	2	311 1 
 2	312	2	213 99 
 3	312	2	57 255 
 4	310	2	170 140 
 5	310	2	54 256 
 6	310	2	102 208 
 7	312	2	292 20 
 8	312	2	299 13 
 9	312	2	284 28 
 10	312	2	15 297 
 11	312	2	204 108 
 12	306	2	62 244 
 13	312	2	45 267 
 14	312	2	252 60 
 15	310	2	44 266 
 16	312	2	166 146 
 17	312	2	91 221 
 18	308	2	20 288 
 19	312	2	4 308 
 20	312	2	236 76 
 21	312	2	279 33 
 22	312	2	213 99 
 23	312	2	49 263 
 24	308	2	83 225 

[pop]=21
 1	196	2	193 3 
 2	196	2	153 43 
 3	196	2	33 163 
 4	196	2	127 69 
 5	194	2	27 167 
 6	196	2	73 123 
 7	196	2	182 14 
 8	196	2	190 6 
 9	196	2	180 16 
 10	196	2	9 187 
 11	196	2	119 77 
 12	190	2	70 120 
 13	196	2	51 145 
 14	196	2	150 46 
 15	196	2	58 138 
 16	196	2	116 80 
 17	196	2	91 105 
 18	196	2	39 157 
 19	196	2	5 191 
 20	196	2	146 50 
 21	196	2	172 24 
 22	196	2	138 58 
 23	196	2	25 171 
 24	196	2	65 131 

[pop]=22
 1	302	2	293 9 
 2	302	2	223 79 
 3	302	2	49 253 
 4	302	2	171 131 
 5	302	2	43 259 
 6	302	2	104 198 
 7	302	2	276 26 
 8	302	2	298 4 
 9	300	2	249 51 
 10	302	2	9 293 
 11	302	2	191 111 
 12	296	2	107 189 
 13	300	2	88 212 
 14	302	2	265 37 
 15	300	2	80 220 
 16	302	2	155 147 
 17	302	2	122 180 
 18	302	2	38 264 
 19	302	2	9 293 
 20	302	2	225 77 
 21	302	2	272 30 
 22	302	2	207 95 
 23	302	2	35 267 
 24	302	2	103 199 


