[loci]=151

[populations]=10

[pop]=1
 1	188	2	179 9 
 2	188	2	150 38 
 3	160	2	91 69 
 4	188	2	122 66 
 5	188	2	1 187 
 6	188	2	30 158 
 7	188	2	75 113 
 8	188	2	52 136 
 9	188	2	120 68 
 10	186	2	11 175 
 11	188	2	97 91 
 12	188	2	63 125 
 13	188	2	154 34 
 14	188	2	177 11 
 15	180	2	32 148 
 16	188	2	65 123 
 17	188	2	183 5 
 18	188	2	19 169 
 19	188	2	118 70 
 20	188	2	76 112 
 21	188	2	126 62 
 22	188	2	111 77 
 23	188	2	19 169 
 24	180	2	107 73 
 25	188	2	54 134 
 26	188	2	64 124 
 27	188	2	142 46 
 28	188	2	83 105 
 29	188	2	11 177 
 30	188	2	76 112 
 31	188	2	35 153 
 32	188	2	147 41 
 33	188	2	121 67 
 34	188	2	188 0 
 35	186	2	152 34 
 36	188	2	77 111 
 37	188	2	129 59 
 38	188	2	90 98 
 39	188	2	187 1 
 40	188	2	188 0 
 41	188	2	12 176 
 42	188	2	153 35 
 43	188	2	102 86 
 44	188	2	112 76 
 45	188	2	184 4 
 46	188	2	101 87 
 47	174	2	153 21 
 48	188	2	177 11 
 49	188	2	188 0 
 50	188	2	164 24 
 51	188	2	78 110 
 52	188	2	187 1 
 53	188	2	0 188 
 54	188	2	82 106 
 55	186	2	133 53 
 56	188	2	16 172 
 57	188	2	118 70 
 58	188	2	17 171 
 59	186	2	115 71 
 60	188	2	125 63 
 61	188	2	92 96 
 62	188	2	139 49 
 63	188	2	43 145 
 64	188	2	72 116 
 65	188	2	119 69 
 66	188	2	40 148 
 67	188	2	169 19 
 68	188	2	103 85 
 69	188	2	26 162 
 70	188	2	103 85 
 71	188	2	136 52 
 72	188	2	39 149 
 73	188	2	107 81 
 74	188	2	123 65 
 75	188	2	107 81 
 76	188	2	36 152 
 77	188	2	19 169 
 78	188	2	18 170 
 79	188	2	66 122 
 80	188	2	124 64 
 81	188	2	9 179 
 82	188	2	76 112 
 83	188	2	186 2 
 84	188	2	188 0 
 85	188	2	167 21 
 86	188	2	144 44 
 87	188	2	170 18 
 88	156	2	52 104 
 89	188	2	67 121 
 90	188	2	37 151 
 91	188	2	104 84 
 92	188	2	18 170 
 93	188	2	2 186 
 94	188	2	170 18 
 95	188	2	176 12 
 96	188	2	45 143 
 97	188	2	0 188 
 98	188	2	134 54 
 99	188	2	22 166 
 100	188	2	145 43 
 101	188	2	149 39 
 102	188	2	173 15 
 103	188	2	10 178 
 104	188	2	2 186 
 105	188	2	98 90 
 106	186	2	153 33 
 107	188	2	0 188 
 108	186	2	181 5 
 109	188	2	115 73 
 110	188	2	48 140 
 111	188	2	175 13 
 112	182	2	89 93 
 113	188	2	145 43 
 114	188	2	105 83 
 115	188	2	158 30 
 116	188	2	188 0 
 117	188	2	0 188 
 118	186	2	170 16 
 119	188	2	120 68 
 120	188	2	169 19 
 121	188	2	150 38 
 122	188	2	19 169 
 123	182	2	6 176 
 124	188	2	187 1 
 125	188	2	8 180 
 126	186	2	153 33 
 127	188	2	26 162 
 128	188	2	0 188 
 129	188	2	163 25 
 130	184	2	77 107 
 131	188	2	92 96 
 132	188	2	123 65 
 133	188	2	22 166 
 134	188	2	188 0 
 135	188	2	157 31 
 136	188	2	136 52 
 137	188	2	167 21 
 138	188	2	97 91 
 139	188	2	161 27 
 140	188	2	40 148 
 141	188	2	80 108 
 142	188	2	3 185 
 143	188	2	183 5 
 144	188	2	79 109 
 145	188	2	72 116 
 146	188	2	92 96 
 147	188	2	127 61 
 148	188	2	43 145 
 149	188	2	72 116 
 150	188	2	78 110 
 151	188	2	1 187 

[pop]=2
 1	188	2	179 9 
 2	188	2	171 17 
 3	188	2	87 101 
 4	186	2	125 61 
 5	188	2	22 166 
 6	188	2	48 140 
 7	188	2	70 118 
 8	188	2	96 92 
 9	188	2	116 72 
 10	186	2	26 160 
 11	188	2	143 45 
 12	188	2	24 164 
 13	166	2	97 69 
 14	188	2	179 9 
 15	176	2	59 117 
 16	188	2	72 116 
 17	188	2	134 54 
 18	188	2	33 155 
 19	188	2	122 66 
 20	188	2	121 67 
 21	188	2	118 70 
 22	188	2	98 90 
 23	188	2	49 139 
 24	186	2	123 63 
 25	188	2	80 108 
 26	188	2	74 114 
 27	188	2	85 103 
 28	188	2	69 119 
 29	188	2	52 136 
 30	188	2	60 128 
 31	188	2	49 139 
 32	188	2	121 67 
 33	188	2	146 42 
 34	188	2	188 0 
 35	188	2	115 73 
 36	188	2	96 92 
 37	188	2	128 60 
 38	188	2	90 98 
 39	188	2	164 24 
 40	188	2	186 2 
 41	188	2	44 144 
 42	188	2	159 29 
 43	188	2	59 129 
 44	188	2	93 95 
 45	188	2	179 9 
 46	188	2	109 79 
 47	184	2	126 58 
 48	188	2	168 20 
 49	188	2	180 8 
 50	188	2	153 35 
 51	188	2	113 75 
 52	188	2	186 2 
 53	188	2	0 188 
 54	188	2	88 100 
 55	188	2	92 96 
 56	188	2	38 150 
 57	188	2	95 93 
 58	188	2	35 153 
 59	188	2	90 98 
 60	188	2	118 70 
 61	188	2	57 131 
 62	188	2	119 69 
 63	188	2	37 151 
 64	188	2	58 130 
 65	188	2	123 65 
 66	188	2	36 152 
 67	188	2	168 20 
 68	184	2	96 88 
 69	188	2	30 158 
 70	188	2	45 143 
 71	188	2	125 63 
 72	188	2	27 161 
 73	188	2	85 103 
 74	188	2	107 81 
 75	188	2	131 57 
 76	188	2	29 159 
 77	188	2	11 177 
 78	188	2	11 177 
 79	188	2	41 147 
 80	188	2	119 69 
 81	186	2	8 178 
 82	188	2	83 105 
 83	188	2	171 17 
 84	188	2	186 2 
 85	188	2	164 24 
 86	188	2	133 55 
 87	188	2	130 58 
 88	162	2	36 126 
 89	188	2	121 67 
 90	188	2	17 171 
 91	184	2	103 81 
 92	188	2	0 188 
 93	188	2	7 181 
 94	188	2	165 23 
 95	188	2	169 19 
 96	188	2	37 151 
 97	188	2	0 188 
 98	188	2	122 66 
 99	188	2	41 147 
 100	188	2	173 15 
 101	188	2	155 33 
 102	188	2	143 45 
 103	188	2	22 166 
 104	188	2	1 187 
 105	188	2	83 105 
 106	188	2	172 16 
 107	188	2	0 188 
 108	188	2	182 6 
 109	188	2	95 93 
 110	188	2	25 163 
 111	188	2	158 30 
 112	188	2	56 132 
 113	188	2	127 61 
 114	188	2	117 71 
 115	188	2	171 17 
 116	188	2	188 0 
 117	188	2	0 188 
 118	188	2	183 5 
 119	188	2	116 72 
 120	188	2	164 24 
 121	188	2	145 43 
 122	188	2	27 161 
 123	186	2	15 171 
 124	188	2	182 6 
 125	188	2	4 184 
 126	188	2	144 44 
 127	188	2	14 174 
 128	188	2	17 171 
 129	188	2	154 34 
 130	178	2	57 121 
 131	188	2	57 131 
 132	188	2	155 33 
 133	188	2	10 178 
 134	188	2	188 0 
 135	188	2	158 30 
 136	188	2	117 71 
 137	188	2	134 54 
 138	188	2	61 127 
 139	188	2	173 15 
 140	188	2	58 130 
 141	188	2	92 96 
 142	188	2	27 161 
 143	188	2	156 32 
 144	188	2	87 101 
 145	188	2	91 97 
 146	188	2	127 61 
 147	188	2	121 67 
 148	188	2	48 140 
 149	188	2	77 111 
 150	188	2	80 108 
 151	188	2	4 184 

[pop]=3
 1	154	2	148 6 
 2	154	2	131 23 
 3	154	2	86 68 
 4	154	2	97 57 
 5	154	2	10 144 
 6	154	2	28 126 
 7	154	2	44 110 
 8	154	2	96 58 
 9	154	2	75 79 
 10	152	2	28 124 
 11	154	2	92 62 
 12	154	2	35 119 
 13	144	2	105 39 
 14	154	2	141 13 
 15	148	2	68 80 
 16	154	2	71 83 
 17	154	2	129 25 
 18	154	2	29 125 
 19	154	2	105 49 
 20	154	2	87 67 
 21	154	2	103 51 
 22	152	2	82 70 
 23	154	2	28 126 
 24	152	2	91 61 
 25	154	2	58 96 
 26	154	2	52 102 
 27	154	2	81 73 
 28	154	2	45 109 
 29	154	2	25 129 
 30	154	2	59 95 
 31	154	2	42 112 
 32	154	2	111 43 
 33	154	2	126 28 
 34	154	2	154 0 
 35	154	2	108 46 
 36	152	2	77 75 
 37	154	2	113 41 
 38	154	2	94 60 
 39	154	2	140 14 
 40	154	2	154 0 
 41	154	2	17 137 
 42	154	2	108 46 
 43	154	2	64 90 
 44	154	2	96 58 
 45	154	2	150 4 
 46	154	2	90 64 
 47	150	2	106 44 
 48	154	2	146 8 
 49	154	2	148 6 
 50	154	2	141 13 
 51	154	2	85 69 
 52	154	2	151 3 
 53	154	2	0 154 
 54	154	2	41 113 
 55	154	2	88 66 
 56	154	2	33 121 
 57	154	2	91 63 
 58	154	2	19 135 
 59	154	2	115 39 
 60	154	2	116 38 
 61	154	2	43 111 
 62	154	2	114 40 
 63	154	2	38 116 
 64	154	2	44 110 
 65	154	2	125 29 
 66	154	2	26 128 
 67	154	2	123 31 
 68	154	2	67 87 
 69	154	2	16 138 
 70	154	2	37 117 
 71	148	2	112 36 
 72	154	2	20 134 
 73	154	2	63 91 
 74	154	2	87 67 
 75	154	2	114 40 
 76	154	2	19 135 
 77	154	2	23 131 
 78	154	2	16 138 
 79	154	2	48 106 
 80	154	2	69 85 
 81	154	2	16 138 
 82	154	2	81 73 
 83	154	2	142 12 
 84	154	2	154 0 
 85	152	2	136 16 
 86	154	2	115 39 
 87	154	2	102 52 
 88	140	2	41 99 
 89	154	2	91 63 
 90	154	2	18 136 
 91	154	2	62 92 
 92	154	2	6 148 
 93	152	2	6 146 
 94	152	2	133 19 
 95	154	2	146 8 
 96	154	2	29 125 
 97	154	2	2 152 
 98	154	2	118 36 
 99	154	2	24 130 
 100	154	2	134 20 
 101	154	2	128 26 
 102	154	2	126 28 
 103	152	2	6 146 
 104	152	2	0 152 
 105	154	2	52 102 
 106	154	2	130 24 
 107	154	2	0 154 
 108	154	2	138 16 
 109	154	2	91 63 
 110	152	2	33 119 
 111	154	2	148 6 
 112	152	2	48 104 
 113	154	2	107 47 
 114	154	2	86 68 
 115	154	2	123 31 
 116	154	2	154 0 
 117	154	2	1 153 
 118	154	2	147 7 
 119	154	2	101 53 
 120	154	2	140 14 
 121	154	2	116 38 
 122	154	2	14 140 
 123	152	2	7 145 
 124	150	2	136 14 
 125	154	2	4 150 
 126	154	2	126 28 
 127	154	2	30 124 
 128	154	2	14 140 
 129	154	2	125 29 
 130	146	2	40 106 
 131	154	2	54 100 
 132	154	2	109 45 
 133	154	2	6 148 
 134	154	2	154 0 
 135	154	2	137 17 
 136	154	2	82 72 
 137	154	2	126 28 
 138	154	2	44 110 
 139	154	2	127 27 
 140	154	2	30 124 
 141	154	2	60 94 
 142	154	2	19 135 
 143	154	2	132 22 
 144	154	2	58 96 
 145	154	2	85 69 
 146	154	2	112 42 
 147	154	2	67 87 
 148	154	2	29 125 
 149	152	2	50 102 
 150	154	2	82 72 
 151	154	2	4 150 

[pop]=4
 1	188	2	170 18 
 2	188	2	163 25 
 3	188	2	126 62 
 4	188	2	114 74 
 5	188	2	8 180 
 6	188	2	61 127 
 7	188	2	76 112 
 8	188	2	88 100 
 9	188	2	102 86 
 10	188	2	20 168 
 11	188	2	103 85 
 12	188	2	52 136 
 13	186	2	131 55 
 14	188	2	170 18 
 15	186	2	47 139 
 16	188	2	89 99 
 17	188	2	156 32 
 18	188	2	13 175 
 19	188	2	123 65 
 20	188	2	90 98 
 21	188	2	134 54 
 22	188	2	113 75 
 23	188	2	22 166 
 24	176	2	111 65 
 25	188	2	66 122 
 26	188	2	69 119 
 27	188	2	110 78 
 28	188	2	61 127 
 29	188	2	12 176 
 30	188	2	89 99 
 31	188	2	45 143 
 32	188	2	133 55 
 33	188	2	132 56 
 34	188	2	188 0 
 35	188	2	150 38 
 36	188	2	110 78 
 37	188	2	116 72 
 38	188	2	120 68 
 39	188	2	177 11 
 40	188	2	182 6 
 41	188	2	13 175 
 42	188	2	161 27 
 43	188	2	70 118 
 44	186	2	118 68 
 45	188	2	161 27 
 46	188	2	110 78 
 47	174	2	135 39 
 48	188	2	186 2 
 49	188	2	185 3 
 50	188	2	176 12 
 51	188	2	92 96 
 52	188	2	184 4 
 53	188	2	2 186 
 54	188	2	70 118 
 55	188	2	90 98 
 56	188	2	39 149 
 57	188	2	125 63 
 58	188	2	35 153 
 59	188	2	126 62 
 60	188	2	145 43 
 61	188	2	81 107 
 62	188	2	122 66 
 63	188	2	36 152 
 64	188	2	46 142 
 65	188	2	125 63 
 66	188	2	33 155 
 67	188	2	168 20 
 68	188	2	89 99 
 69	188	2	17 171 
 70	188	2	93 95 
 71	188	2	123 65 
 72	188	2	21 167 
 73	188	2	80 108 
 74	188	2	126 62 
 75	188	2	119 69 
 76	188	2	34 154 
 77	188	2	24 164 
 78	188	2	34 154 
 79	188	2	64 124 
 80	188	2	124 64 
 81	188	2	30 158 
 82	188	2	83 105 
 83	188	2	173 15 
 84	188	2	176 12 
 85	188	2	159 29 
 86	188	2	148 40 
 87	188	2	138 50 
 88	150	2	51 99 
 89	188	2	84 104 
 90	188	2	30 158 
 91	188	2	99 89 
 92	188	2	8 180 
 93	188	2	6 182 
 94	188	2	157 31 
 95	188	2	185 3 
 96	188	2	41 147 
 97	188	2	0 188 
 98	188	2	125 63 
 99	188	2	33 155 
 100	188	2	151 37 
 101	188	2	133 55 
 102	188	2	164 24 
 103	188	2	7 181 
 104	188	2	4 184 
 105	188	2	72 116 
 106	188	2	162 26 
 107	188	2	0 188 
 108	184	2	179 5 
 109	188	2	89 99 
 110	188	2	45 143 
 111	188	2	178 10 
 112	184	2	68 116 
 113	188	2	140 48 
 114	188	2	106 82 
 115	188	2	163 25 
 116	188	2	186 2 
 117	188	2	0 188 
 118	182	2	175 7 
 119	188	2	140 48 
 120	188	2	176 12 
 121	188	2	166 22 
 122	188	2	20 168 
 123	188	2	17 171 
 124	188	2	180 8 
 125	188	2	8 180 
 126	188	2	144 44 
 127	188	2	25 163 
 128	188	2	9 179 
 129	188	2	156 32 
 130	178	2	68 110 
 131	188	2	69 119 
 132	188	2	134 54 
 133	188	2	20 168 
 134	188	2	188 0 
 135	188	2	174 14 
 136	188	2	120 68 
 137	188	2	142 46 
 138	188	2	56 132 
 139	188	2	172 16 
 140	188	2	59 129 
 141	188	2	58 130 
 142	188	2	9 179 
 143	188	2	171 17 
 144	188	2	74 114 
 145	188	2	91 97 
 146	188	2	128 60 
 147	188	2	108 80 
 148	188	2	47 141 
 149	188	2	94 94 
 150	188	2	67 121 
 151	188	2	5 183 

[pop]=5
 1	184	2	184 0 
 2	184	2	164 20 
 3	184	2	130 54 
 4	184	2	87 97 
 5	184	2	18 166 
 6	184	2	79 105 
 7	182	2	55 127 
 8	184	2	120 64 
 9	182	2	56 126 
 10	184	2	26 158 
 11	182	2	142 40 
 12	184	2	19 165 
 13	182	2	122 60 
 14	184	2	168 16 
 15	180	2	68 112 
 16	182	2	63 119 
 17	184	2	147 37 
 18	184	2	29 155 
 19	184	2	112 72 
 20	184	2	114 70 
 21	184	2	128 56 
 22	184	2	51 133 
 23	184	2	45 139 
 24	184	2	96 88 
 25	184	2	53 131 
 26	184	2	123 61 
 27	184	2	113 71 
 28	184	2	39 145 
 29	184	2	59 125 
 30	184	2	94 90 
 31	182	2	45 137 
 32	184	2	108 76 
 33	184	2	162 22 
 34	184	2	184 0 
 35	184	2	133 51 
 36	180	2	94 86 
 37	180	2	106 74 
 38	184	2	89 95 
 39	184	2	143 41 
 40	184	2	183 1 
 41	184	2	69 115 
 42	184	2	125 59 
 43	184	2	92 92 
 44	178	2	98 80 
 45	184	2	179 5 
 46	184	2	116 68 
 47	164	2	99 65 
 48	184	2	182 2 
 49	184	2	184 0 
 50	184	2	179 5 
 51	184	2	120 64 
 52	184	2	159 25 
 53	184	2	32 152 
 54	184	2	71 113 
 55	178	2	80 98 
 56	184	2	47 137 
 57	184	2	105 79 
 58	184	2	38 146 
 59	184	2	156 28 
 60	184	2	153 31 
 61	184	2	56 128 
 62	184	2	140 44 
 63	184	2	86 98 
 64	184	2	89 95 
 65	184	2	171 13 
 66	184	2	37 147 
 67	184	2	166 18 
 68	182	2	98 84 
 69	184	2	35 149 
 70	184	2	49 135 
 71	184	2	154 30 
 72	184	2	23 161 
 73	184	2	49 135 
 74	184	2	110 74 
 75	184	2	76 108 
 76	182	2	26 156 
 77	184	2	48 136 
 78	184	2	29 155 
 79	184	2	21 163 
 80	184	2	124 60 
 81	184	2	27 157 
 82	182	2	98 84 
 83	184	2	175 9 
 84	184	2	182 2 
 85	180	2	138 42 
 86	184	2	76 108 
 87	184	2	123 61 
 88	156	2	53 103 
 89	184	2	98 86 
 90	184	2	21 163 
 91	182	2	47 135 
 92	184	2	7 177 
 93	184	2	6 178 
 94	184	2	175 9 
 95	184	2	148 36 
 96	184	2	40 144 
 97	184	2	0 184 
 98	184	2	102 82 
 99	184	2	112 72 
 100	184	2	162 22 
 101	184	2	151 33 
 102	184	2	133 51 
 103	184	2	8 176 
 104	178	2	3 175 
 105	184	2	54 130 
 106	184	2	145 39 
 107	184	2	0 184 
 108	184	2	160 24 
 109	184	2	72 112 
 110	184	2	33 151 
 111	184	2	147 37 
 112	180	2	62 118 
 113	184	2	89 95 
 114	184	2	148 36 
 115	184	2	170 14 
 116	184	2	184 0 
 117	184	2	24 160 
 118	172	2	163 9 
 119	184	2	128 56 
 120	184	2	164 20 
 121	184	2	161 23 
 122	184	2	10 174 
 123	182	2	27 155 
 124	184	2	169 15 
 125	184	2	2 182 
 126	182	2	119 63 
 127	184	2	49 135 
 128	184	2	3 181 
 129	184	2	168 16 
 130	176	2	68 108 
 131	184	2	69 115 
 132	184	2	110 74 
 133	184	2	12 172 
 134	184	2	184 0 
 135	184	2	174 10 
 136	184	2	105 79 
 137	184	2	144 40 
 138	184	2	49 135 
 139	184	2	139 45 
 140	184	2	56 128 
 141	184	2	99 85 
 142	184	2	15 169 
 143	184	2	160 24 
 144	184	2	80 104 
 145	182	2	93 89 
 146	184	2	114 70 
 147	184	2	58 126 
 148	184	2	74 110 
 149	182	2	66 116 
 150	184	2	52 132 
 151	184	2	0 184 

[pop]=6
 1	86	2	86 0 
 2	86	2	83 3 
 3	86	2	62 24 
 4	86	2	39 47 
 5	86	2	13 73 
 6	86	2	35 51 
 7	86	2	26 60 
 8	86	2	51 35 
 9	86	2	27 59 
 10	86	2	10 76 
 11	86	2	55 31 
 12	86	2	14 72 
 13	84	2	59 25 
 14	86	2	84 2 
 15	84	2	35 49 
 16	86	2	38 48 
 17	86	2	67 19 
 18	86	2	14 72 
 19	86	2	62 24 
 20	86	2	64 22 
 21	86	2	60 26 
 22	86	2	37 49 
 23	86	2	11 75 
 24	86	2	49 37 
 25	86	2	30 56 
 26	86	2	51 35 
 27	86	2	52 34 
 28	86	2	20 66 
 29	86	2	21 65 
 30	86	2	38 48 
 31	86	2	29 57 
 32	86	2	69 17 
 33	86	2	77 9 
 34	84	2	84 0 
 35	86	2	72 14 
 36	84	2	43 41 
 37	86	2	60 26 
 38	86	2	70 16 
 39	86	2	76 10 
 40	86	2	86 0 
 41	86	2	18 68 
 42	86	2	50 36 
 43	86	2	40 46 
 44	84	2	48 36 
 45	86	2	83 3 
 46	86	2	61 25 
 47	86	2	58 28 
 48	86	2	85 1 
 49	86	2	85 1 
 50	86	2	79 7 
 51	86	2	47 39 
 52	86	2	75 11 
 53	86	2	10 76 
 54	86	2	26 60 
 55	86	2	53 33 
 56	86	2	22 64 
 57	86	2	53 33 
 58	86	2	18 68 
 59	86	2	73 13 
 60	86	2	53 33 
 61	86	2	17 69 
 62	86	2	62 24 
 63	86	2	26 60 
 64	86	2	36 50 
 65	86	2	71 15 
 66	86	2	14 72 
 67	86	2	72 14 
 68	86	2	44 42 
 69	86	2	9 77 
 70	86	2	35 51 
 71	86	2	75 11 
 72	86	2	13 73 
 73	86	2	38 48 
 74	86	2	41 45 
 75	86	2	44 42 
 76	84	2	11 73 
 77	86	2	19 67 
 78	86	2	13 73 
 79	86	2	17 69 
 80	86	2	54 32 
 81	86	2	13 73 
 82	86	2	41 45 
 83	86	2	77 9 
 84	86	2	84 2 
 85	84	2	64 20 
 86	86	2	51 35 
 87	86	2	67 19 
 88	72	2	25 47 
 89	86	2	42 44 
 90	86	2	5 81 
 91	86	2	38 48 
 92	84	2	2 82 
 93	86	2	1 85 
 94	86	2	78 8 
 95	86	2	65 21 
 96	86	2	11 75 
 97	86	2	0 86 
 98	86	2	50 36 
 99	86	2	39 47 
 100	86	2	80 6 
 101	86	2	63 23 
 102	86	2	66 20 
 103	86	2	5 81 
 104	82	2	0 82 
 105	86	2	37 49 
 106	86	2	59 27 
 107	86	2	0 86 
 108	86	2	76 10 
 109	86	2	38 48 
 110	86	2	18 68 
 111	86	2	72 14 
 112	82	2	27 55 
 113	86	2	52 34 
 114	86	2	65 21 
 115	86	2	73 13 
 116	86	2	86 0 
 117	84	2	6 78 
 118	82	2	76 6 
 119	86	2	63 23 
 120	86	2	75 11 
 121	86	2	76 10 
 122	86	2	11 75 
 123	86	2	11 75 
 124	86	2	82 4 
 125	86	2	0 86 
 126	86	2	66 20 
 127	86	2	23 63 
 128	86	2	0 86 
 129	86	2	73 13 
 130	84	2	28 56 
 131	86	2	32 54 
 132	86	2	68 18 
 133	86	2	5 81 
 134	86	2	86 0 
 135	86	2	78 8 
 136	86	2	38 48 
 137	86	2	71 15 
 138	86	2	33 53 
 139	86	2	68 18 
 140	86	2	21 65 
 141	86	2	38 48 
 142	86	2	10 76 
 143	86	2	78 8 
 144	86	2	41 45 
 145	86	2	42 44 
 146	86	2	56 30 
 147	86	2	37 49 
 148	86	2	27 59 
 149	84	2	28 56 
 150	86	2	20 66 
 151	86	2	0 86 

[pop]=7
 1	56	2	56 0 
 2	56	2	46 10 
 3	56	2	26 30 
 4	56	2	31 25 
 5	56	2	4 52 
 6	56	2	14 42 
 7	56	2	13 43 
 8	56	2	32 24 
 9	56	2	35 21 
 10	56	2	8 48 
 11	56	2	42 14 
 12	56	2	10 46 
 13	54	2	46 8 
 14	56	2	55 1 
 15	56	2	15 41 
 16	56	2	27 29 
 17	56	2	39 17 
 18	56	2	5 51 
 19	56	2	40 16 
 20	56	2	32 24 
 21	56	2	43 13 
 22	56	2	29 27 
 23	56	2	10 46 
 24	52	2	38 14 
 25	56	2	21 35 
 26	56	2	28 28 
 27	56	2	38 18 
 28	54	2	17 37 
 29	56	2	9 47 
 30	56	2	18 38 
 31	56	2	10 46 
 32	56	2	39 17 
 33	56	2	30 26 
 34	56	2	56 0 
 35	56	2	47 9 
 36	56	2	37 19 
 37	56	2	33 23 
 38	56	2	45 11 
 39	56	2	47 9 
 40	56	2	55 1 
 41	56	2	11 45 
 42	56	2	50 6 
 43	56	2	14 42 
 44	56	2	38 18 
 45	56	2	54 2 
 46	56	2	32 24 
 47	52	2	40 12 
 48	56	2	51 5 
 49	56	2	54 2 
 50	56	2	46 10 
 51	56	2	39 17 
 52	56	2	55 1 
 53	56	2	0 56 
 54	56	2	26 30 
 55	56	2	36 20 
 56	56	2	15 41 
 57	56	2	26 30 
 58	56	2	12 44 
 59	54	2	36 18 
 60	56	2	37 19 
 61	56	2	15 41 
 62	56	2	31 25 
 63	56	2	15 41 
 64	56	2	13 43 
 65	56	2	36 20 
 66	56	2	5 51 
 67	56	2	49 7 
 68	56	2	33 23 
 69	56	2	5 51 
 70	56	2	21 35 
 71	56	2	38 18 
 72	56	2	5 51 
 73	56	2	29 27 
 74	56	2	35 21 
 75	56	2	37 19 
 76	56	2	14 42 
 77	56	2	8 48 
 78	56	2	5 51 
 79	56	2	11 45 
 80	56	2	31 25 
 81	56	2	8 48 
 82	56	2	17 39 
 83	56	2	53 3 
 84	56	2	56 0 
 85	52	2	45 7 
 86	56	2	37 19 
 87	56	2	40 16 
 88	52	2	12 40 
 89	56	2	38 18 
 90	56	2	7 49 
 91	56	2	28 28 
 92	56	2	1 55 
 93	56	2	1 55 
 94	56	2	47 9 
 95	56	2	54 2 
 96	56	2	6 50 
 97	56	2	0 56 
 98	56	2	32 24 
 99	56	2	12 44 
 100	56	2	42 14 
 101	54	2	46 8 
 102	56	2	42 14 
 103	56	2	5 51 
 104	56	2	1 55 
 105	56	2	22 34 
 106	56	2	44 12 
 107	56	2	0 56 
 108	56	2	54 2 
 109	56	2	21 35 
 110	56	2	19 37 
 111	56	2	55 1 
 112	56	2	22 34 
 113	56	2	38 18 
 114	56	2	38 18 
 115	56	2	46 10 
 116	56	2	56 0 
 117	56	2	0 56 
 118	56	2	49 7 
 119	56	2	33 23 
 120	56	2	45 11 
 121	56	2	44 12 
 122	56	2	9 47 
 123	50	2	0 50 
 124	56	2	52 4 
 125	56	2	0 56 
 126	56	2	41 15 
 127	56	2	8 48 
 128	56	2	2 54 
 129	52	2	48 4 
 130	50	2	14 36 
 131	56	2	21 35 
 132	56	2	45 11 
 133	56	2	2 54 
 134	56	2	56 0 
 135	56	2	48 8 
 136	56	2	39 17 
 137	56	2	46 10 
 138	56	2	24 32 
 139	56	2	47 9 
 140	56	2	18 38 
 141	56	2	21 35 
 142	56	2	9 47 
 143	56	2	45 11 
 144	56	2	23 33 
 145	56	2	34 22 
 146	56	2	38 18 
 147	56	2	25 31 
 148	56	2	17 39 
 149	56	2	21 35 
 150	56	2	25 31 
 151	56	2	1 55 

[pop]=8
 1	104	2	94 10 
 2	104	2	77 27 
 3	104	2	57 47 
 4	104	2	60 44 
 5	104	2	13 91 
 6	104	2	30 74 
 7	104	2	23 81 
 8	104	2	45 59 
 9	104	2	38 66 
 10	100	2	24 76 
 11	104	2	74 30 
 12	104	2	14 90 
 13	96	2	63 33 
 14	104	2	95 9 
 15	98	2	38 60 
 16	104	2	32 72 
 17	104	2	90 14 
 18	104	2	26 78 
 19	102	2	79 23 
 20	104	2	47 57 
 21	104	2	76 28 
 22	104	2	56 48 
 23	104	2	21 83 
 24	104	2	68 36 
 25	104	2	40 64 
 26	104	2	43 61 
 27	104	2	51 53 
 28	104	2	45 59 
 29	104	2	26 78 
 30	104	2	47 57 
 31	104	2	22 82 
 32	104	2	69 35 
 33	104	2	74 30 
 34	104	2	103 1 
 35	104	2	66 38 
 36	102	2	59 43 
 37	104	2	69 35 
 38	104	2	70 34 
 39	104	2	98 6 
 40	104	2	101 3 
 41	102	2	28 74 
 42	104	2	86 18 
 43	104	2	41 63 
 44	98	2	49 49 
 45	104	2	91 13 
 46	104	2	63 41 
 47	102	2	85 17 
 48	102	2	99 3 
 49	104	2	94 10 
 50	104	2	97 7 
 51	104	2	53 51 
 52	104	2	92 12 
 53	104	2	5 99 
 54	104	2	45 59 
 55	100	2	46 54 
 56	104	2	29 75 
 57	104	2	51 53 
 58	104	2	20 84 
 59	104	2	69 35 
 60	102	2	77 25 
 61	104	2	30 74 
 62	104	2	68 36 
 63	104	2	28 76 
 64	104	2	47 57 
 65	104	2	82 22 
 66	104	2	30 74 
 67	104	2	91 13 
 68	104	2	44 60 
 69	104	2	22 82 
 70	104	2	28 76 
 71	104	2	75 29 
 72	104	2	23 81 
 73	104	2	26 78 
 74	104	2	47 57 
 75	104	2	51 53 
 76	104	2	22 82 
 77	104	2	18 86 
 78	104	2	22 82 
 79	104	2	27 77 
 80	104	2	68 36 
 81	102	2	12 90 
 82	104	2	47 57 
 83	104	2	96 8 
 84	104	2	98 6 
 85	98	2	76 22 
 86	104	2	64 40 
 87	104	2	75 29 
 88	92	2	23 69 
 89	104	2	42 62 
 90	104	2	17 87 
 91	100	2	51 49 
 92	104	2	4 100 
 93	104	2	17 87 
 94	102	2	89 13 
 95	104	2	93 11 
 96	104	2	23 81 
 97	104	2	6 98 
 98	92	2	67 25 
 99	104	2	39 65 
 100	104	2	88 16 
 101	104	2	84 20 
 102	104	2	69 35 
 103	104	2	9 95 
 104	100	2	4 96 
 105	104	2	38 66 
 106	104	2	88 16 
 107	104	2	1 103 
 108	102	2	86 16 
 109	104	2	38 66 
 110	94	2	13 81 
 111	104	2	93 11 
 112	104	2	43 61 
 113	104	2	60 44 
 114	104	2	72 32 
 115	104	2	62 42 
 116	104	2	104 0 
 117	104	2	2 102 
 118	98	2	94 4 
 119	104	2	71 33 
 120	104	2	89 15 
 121	104	2	85 19 
 122	104	2	21 83 
 123	104	2	24 80 
 124	104	2	93 11 
 125	104	2	0 104 
 126	104	2	78 26 
 127	104	2	46 58 
 128	104	2	6 98 
 129	104	2	93 11 
 130	100	2	23 77 
 131	104	2	50 54 
 132	104	2	82 22 
 133	104	2	9 95 
 134	104	2	104 0 
 135	104	2	92 12 
 136	104	2	71 33 
 137	104	2	85 19 
 138	104	2	50 54 
 139	104	2	86 18 
 140	104	2	22 82 
 141	104	2	46 58 
 142	104	2	12 92 
 143	104	2	93 11 
 144	104	2	36 68 
 145	104	2	48 56 
 146	104	2	67 37 
 147	104	2	40 64 
 148	104	2	31 73 
 149	104	2	51 53 
 150	104	2	51 53 
 151	104	2	0 104 

[pop]=9
 1	70	2	66 4 
 2	70	2	60 10 
 3	70	2	28 42 
 4	70	2	45 25 
 5	70	2	6 64 
 6	70	2	14 56 
 7	68	2	24 44 
 8	70	2	40 30 
 9	70	2	41 29 
 10	70	2	13 57 
 11	70	2	57 13 
 12	70	2	14 56 
 13	58	2	47 11 
 14	68	2	64 4 
 15	60	2	32 28 
 16	70	2	30 40 
 17	68	2	51 17 
 18	68	2	23 45 
 19	70	2	45 25 
 20	70	2	50 20 
 21	70	2	57 13 
 22	70	2	39 31 
 23	68	2	23 45 
 24	70	2	50 20 
 25	70	2	33 37 
 26	70	2	34 36 
 27	70	2	38 32 
 28	70	2	23 47 
 29	70	2	13 57 
 30	70	2	31 39 
 31	70	2	16 54 
 32	70	2	42 28 
 33	70	2	63 7 
 34	70	2	68 2 
 35	70	2	38 32 
 36	68	2	32 36 
 37	70	2	43 27 
 38	70	2	42 28 
 39	70	2	67 3 
 40	70	2	68 2 
 41	66	2	17 49 
 42	70	2	61 9 
 43	70	2	25 45 
 44	68	2	31 37 
 45	70	2	65 5 
 46	70	2	33 37 
 47	68	2	52 16 
 48	70	2	55 15 
 49	70	2	63 7 
 50	70	2	48 22 
 51	70	2	39 31 
 52	70	2	65 5 
 53	70	2	1 69 
 54	70	2	30 40 
 55	70	2	34 36 
 56	70	2	23 47 
 57	70	2	42 28 
 58	70	2	17 53 
 59	70	2	58 12 
 60	70	2	52 18 
 61	70	2	26 44 
 62	70	2	40 30 
 63	70	2	26 44 
 64	70	2	17 53 
 65	70	2	39 31 
 66	68	2	11 57 
 67	70	2	62 8 
 68	70	2	37 33 
 69	70	2	9 61 
 70	68	2	17 51 
 71	70	2	32 38 
 72	70	2	9 61 
 73	70	2	43 27 
 74	70	2	36 34 
 75	70	2	41 29 
 76	70	2	12 58 
 77	70	2	8 62 
 78	70	2	1 69 
 79	70	2	11 59 
 80	70	2	34 36 
 81	70	2	5 65 
 82	70	2	23 47 
 83	70	2	66 4 
 84	70	2	65 5 
 85	64	2	47 17 
 86	70	2	54 16 
 87	70	2	43 27 
 88	58	2	10 48 
 89	70	2	43 27 
 90	68	2	6 62 
 91	70	2	36 34 
 92	68	2	2 66 
 93	70	2	5 65 
 94	70	2	60 10 
 95	70	2	58 12 
 96	70	2	10 60 
 97	70	2	1 69 
 98	58	2	43 15 
 99	70	2	18 52 
 100	70	2	55 15 
 101	70	2	60 10 
 102	70	2	50 20 
 103	70	2	6 64 
 104	70	2	1 69 
 105	70	2	29 41 
 106	70	2	60 10 
 107	70	2	0 70 
 108	70	2	67 3 
 109	70	2	33 37 
 110	64	2	10 54 
 111	70	2	67 3 
 112	66	2	24 42 
 113	70	2	44 26 
 114	70	2	49 21 
 115	70	2	51 19 
 116	70	2	70 0 
 117	70	2	4 66 
 118	70	2	69 1 
 119	70	2	47 23 
 120	70	2	63 7 
 121	70	2	55 15 
 122	68	2	9 59 
 123	68	2	9 59 
 124	70	2	69 1 
 125	70	2	0 70 
 126	66	2	48 18 
 127	70	2	19 51 
 128	70	2	5 65 
 129	70	2	62 8 
 130	68	2	24 44 
 131	70	2	22 48 
 132	70	2	60 10 
 133	70	2	4 66 
 134	70	2	68 2 
 135	70	2	57 13 
 136	70	2	43 27 
 137	68	2	56 12 
 138	70	2	20 50 
 139	70	2	62 8 
 140	70	2	23 47 
 141	70	2	44 26 
 142	70	2	10 60 
 143	70	2	58 12 
 144	70	2	34 36 
 145	70	2	30 40 
 146	70	2	39 31 
 147	70	2	34 36 
 148	70	2	29 41 
 149	70	2	32 38 
 150	70	2	26 44 
 151	70	2	1 69 

[pop]=10
 1	90	2	85 5 
 2	90	2	79 11 
 3	90	2	60 30 
 4	90	2	42 48 
 5	90	2	12 78 
 6	90	2	23 67 
 7	90	2	40 50 
 8	90	2	44 46 
 9	90	2	50 40 
 10	90	2	14 76 
 11	88	2	53 35 
 12	90	2	30 60 
 13	90	2	71 19 
 14	90	2	88 2 
 15	90	2	26 64 
 16	90	2	51 39 
 17	90	2	76 14 
 18	90	2	16 74 
 19	90	2	70 20 
 20	90	2	40 50 
 21	90	2	64 26 
 22	90	2	47 43 
 23	90	2	15 75 
 24	88	2	38 50 
 25	90	2	32 58 
 26	90	2	39 51 
 27	90	2	54 36 
 28	90	2	35 55 
 29	90	2	7 83 
 30	90	2	42 48 
 31	88	2	24 64 
 32	90	2	57 33 
 33	88	2	55 33 
 34	90	2	90 0 
 35	90	2	80 10 
 36	90	2	48 42 
 37	90	2	79 11 
 38	90	2	63 27 
 39	90	2	85 5 
 40	90	2	90 0 
 41	90	2	9 81 
 42	90	2	68 22 
 43	90	2	38 52 
 44	90	2	55 35 
 45	90	2	81 9 
 46	90	2	53 37 
 47	90	2	68 22 
 48	90	2	84 6 
 49	90	2	88 2 
 50	90	2	79 11 
 51	90	2	57 33 
 52	90	2	90 0 
 53	90	2	0 90 
 54	90	2	36 54 
 55	90	2	44 46 
 56	90	2	20 70 
 57	90	2	51 39 
 58	90	2	14 76 
 59	90	2	47 43 
 60	90	2	68 22 
 61	90	2	28 62 
 62	90	2	67 23 
 63	90	2	17 73 
 64	90	2	19 71 
 65	90	2	61 29 
 66	90	2	16 74 
 67	90	2	80 10 
 68	90	2	44 46 
 69	90	2	6 84 
 70	90	2	25 65 
 71	90	2	66 24 
 72	90	2	12 78 
 73	90	2	56 34 
 74	90	2	60 30 
 75	90	2	58 32 
 76	90	2	20 70 
 77	90	2	7 83 
 78	90	2	9 81 
 79	90	2	14 76 
 80	90	2	40 50 
 81	90	2	8 82 
 82	90	2	35 55 
 83	90	2	78 12 
 84	90	2	87 3 
 85	90	2	79 11 
 86	90	2	64 26 
 87	90	2	72 18 
 88	82	2	33 49 
 89	90	2	52 38 
 90	88	2	10 78 
 91	88	2	51 37 
 92	90	2	3 87 
 93	90	2	13 77 
 94	90	2	79 11 
 95	90	2	87 3 
 96	90	2	13 77 
 97	90	2	0 90 
 98	90	2	61 29 
 99	90	2	35 55 
 100	90	2	77 13 
 101	90	2	77 13 
 102	90	2	79 11 
 103	90	2	7 83 
 104	90	2	2 88 
 105	90	2	45 45 
 106	90	2	72 18 
 107	90	2	0 90 
 108	86	2	84 2 
 109	90	2	53 37 
 110	90	2	19 71 
 111	90	2	85 5 
 112	90	2	30 60 
 113	88	2	67 21 
 114	88	2	43 45 
 115	90	2	78 12 
 116	90	2	90 0 
 117	90	2	0 90 
 118	90	2	86 4 
 119	90	2	60 30 
 120	90	2	77 13 
 121	90	2	56 34 
 122	90	2	7 83 
 123	88	2	5 83 
 124	90	2	87 3 
 125	90	2	1 89 
 126	70	2	52 18 
 127	90	2	9 81 
 128	90	2	2 88 
 129	90	2	72 18 
 130	90	2	19 71 
 131	90	2	35 55 
 132	90	2	70 20 
 133	90	2	7 83 
 134	90	2	90 0 
 135	90	2	80 10 
 136	90	2	63 27 
 137	90	2	64 26 
 138	90	2	35 55 
 139	90	2	78 12 
 140	90	2	39 51 
 141	90	2	36 54 
 142	90	2	4 86 
 143	90	2	82 8 
 144	90	2	28 62 
 145	90	2	51 39 
 146	90	2	62 28 
 147	90	2	51 39 
 148	90	2	23 67 
 149	86	2	35 51 
 150	90	2	31 59 
 151	90	2	1 89 


