[loci]=151

[populations]=14

[pop]=1
 1	62	2	57 5 
 2	62	2	37 25 
 3	62	2	48 14 
 4	62	2	45 17 
 5	62	2	6 56 
 6	62	2	19 43 
 7	62	2	11 51 
 8	62	2	30 32 
 9	62	2	6 56 
 10	62	2	1 61 
 11	62	2	42 20 
 12	62	2	14 48 
 13	58	2	38 20 
 14	62	2	57 5 
 15	56	2	13 43 
 16	62	2	11 51 
 17	62	2	50 12 
 18	62	2	27 35 
 19	62	2	51 11 
 20	62	2	40 22 
 21	62	2	56 6 
 22	62	2	19 43 
 23	62	2	29 33 
 24	62	2	27 35 
 25	62	2	35 27 
 26	62	2	21 41 
 27	62	2	37 25 
 28	62	2	38 24 
 29	62	2	15 47 
 30	62	2	37 25 
 31	62	2	26 36 
 32	62	2	26 36 
 33	62	2	60 2 
 34	62	2	61 1 
 35	62	2	6 56 
 36	60	2	22 38 
 37	62	2	22 40 
 38	62	2	45 17 
 39	62	2	51 11 
 40	62	2	57 5 
 41	62	2	32 30 
 42	62	2	51 11 
 43	62	2	12 50 
 44	60	2	37 23 
 45	60	2	47 13 
 46	62	2	37 25 
 47	62	2	60 2 
 48	62	2	58 4 
 49	62	2	57 5 
 50	62	2	58 4 
 51	62	2	13 49 
 52	62	2	54 8 
 53	62	2	5 57 
 54	62	2	37 25 
 55	58	2	25 33 
 56	62	2	44 18 
 57	62	2	28 34 
 58	62	2	22 40 
 59	62	2	42 20 
 60	62	2	54 8 
 61	62	2	23 39 
 62	62	2	55 7 
 63	62	2	28 34 
 64	62	2	34 28 
 65	62	2	50 12 
 66	62	2	48 14 
 67	62	2	52 10 
 68	62	2	24 38 
 69	62	2	36 26 
 70	62	2	7 55 
 71	62	2	37 25 
 72	62	2	27 35 
 73	62	2	9 53 
 74	62	2	30 32 
 75	62	2	15 47 
 76	62	2	26 36 
 77	62	2	25 37 
 78	62	2	16 46 
 79	62	2	23 39 
 80	62	2	55 7 
 81	62	2	16 46 
 82	62	2	24 38 
 83	62	2	60 2 
 84	62	2	60 2 
 85	48	2	41 7 
 86	62	2	51 11 
 87	62	2	34 28 
 88	56	2	10 46 
 89	62	2	30 32 
 90	62	2	15 47 
 91	62	2	42 20 
 92	62	2	7 55 
 93	62	2	34 28 
 94	60	2	58 2 
 95	62	2	47 15 
 96	62	2	23 39 
 97	62	2	1 61 
 98	58	2	57 1 
 99	62	2	21 41 
 100	62	2	54 8 
 101	62	2	54 8 
 102	62	2	44 18 
 103	62	2	7 55 
 104	62	2	7 55 
 105	62	2	24 38 
 106	62	2	53 9 
 107	62	2	5 57 
 108	62	2	52 10 
 109	62	2	37 25 
 110	56	2	1 55 
 111	62	2	59 3 
 112	62	2	12 50 
 113	62	2	31 31 
 114	62	2	53 9 
 115	62	2	6 56 
 116	62	2	59 3 
 117	62	2	3 59 
 118	62	2	56 6 
 119	62	2	47 15 
 120	62	2	61 1 
 121	62	2	50 12 
 122	62	2	2 60 
 123	56	2	10 46 
 124	62	2	53 9 
 125	62	2	1 61 
 126	62	2	42 20 
 127	62	2	62 0 
 128	62	2	8 54 
 129	62	2	62 0 
 130	62	2	31 31 
 131	62	2	47 15 
 132	62	2	53 9 
 133	60	2	8 52 
 134	62	2	60 2 
 135	62	2	51 11 
 136	62	2	53 9 
 137	62	2	50 12 
 138	62	2	8 54 
 139	62	2	43 19 
 140	62	2	1 61 
 141	62	2	51 11 
 142	62	2	10 52 
 143	62	2	58 4 
 144	62	2	8 54 
 145	62	2	4 58 
 146	62	2	45 17 
 147	62	2	13 49 
 148	62	2	14 48 
 149	62	2	53 9 
 150	62	2	28 34 
 151	62	2	7 55 

[pop]=2
 1	126	2	112 14 
 2	126	2	61 65 
 3	126	2	90 36 
 4	126	2	96 30 
 5	126	2	16 110 
 6	126	2	41 85 
 7	126	2	34 92 
 8	126	2	63 63 
 9	126	2	8 118 
 10	126	2	2 124 
 11	124	2	98 26 
 12	126	2	26 100 
 13	120	2	86 34 
 14	126	2	113 13 
 15	124	2	59 65 
 16	126	2	28 98 
 17	126	2	104 22 
 18	126	2	51 75 
 19	126	2	91 35 
 20	124	2	76 48 
 21	126	2	121 5 
 22	126	2	55 71 
 23	124	2	36 88 
 24	126	2	58 68 
 25	126	2	86 40 
 26	126	2	56 70 
 27	126	2	68 58 
 28	126	2	71 55 
 29	126	2	42 84 
 30	126	2	55 71 
 31	126	2	59 67 
 32	126	2	44 82 
 33	126	2	113 13 
 34	126	2	117 9 
 35	126	2	28 98 
 36	122	2	40 82 
 37	124	2	53 71 
 38	126	2	75 51 
 39	126	2	101 25 
 40	126	2	116 10 
 41	126	2	80 46 
 42	126	2	106 20 
 43	126	2	22 104 
 44	122	2	68 54 
 45	92	2	73 19 
 46	126	2	74 52 
 47	126	2	123 3 
 48	126	2	119 7 
 49	126	2	110 16 
 50	126	2	122 4 
 51	126	2	27 99 
 52	122	2	106 16 
 53	126	2	5 121 
 54	126	2	65 61 
 55	126	2	44 82 
 56	126	2	82 44 
 57	126	2	56 70 
 58	126	2	35 91 
 59	126	2	85 41 
 60	126	2	105 21 
 61	124	2	33 91 
 62	126	2	106 20 
 63	126	2	63 63 
 64	126	2	81 45 
 65	126	2	98 28 
 66	126	2	101 25 
 67	126	2	104 22 
 68	126	2	51 75 
 69	124	2	71 53 
 70	126	2	22 104 
 71	124	2	85 39 
 72	124	2	51 73 
 73	126	2	7 119 
 74	126	2	49 77 
 75	124	2	43 81 
 76	126	2	61 65 
 77	126	2	37 89 
 78	126	2	34 92 
 79	122	2	57 65 
 80	126	2	116 10 
 81	126	2	17 109 
 82	126	2	44 82 
 83	126	2	120 6 
 84	126	2	122 4 
 85	126	2	116 10 
 86	124	2	102 22 
 87	126	2	74 52 
 88	120	2	31 89 
 89	124	2	46 78 
 90	126	2	22 104 
 91	124	2	85 39 
 92	126	2	6 120 
 93	124	2	77 47 
 94	126	2	121 5 
 95	126	2	101 25 
 96	126	2	45 81 
 97	126	2	10 116 
 98	126	2	121 5 
 99	126	2	36 90 
 100	126	2	103 23 
 101	122	2	93 29 
 102	126	2	86 40 
 103	118	2	23 95 
 104	124	2	20 104 
 105	126	2	46 80 
 106	126	2	100 26 
 107	126	2	17 109 
 108	126	2	114 12 
 109	126	2	65 61 
 110	126	2	15 111 
 111	126	2	121 5 
 112	126	2	11 115 
 113	126	2	53 73 
 114	126	2	96 30 
 115	120	2	15 105 
 116	126	2	122 4 
 117	122	2	8 114 
 118	126	2	115 11 
 119	126	2	99 27 
 120	126	2	124 2 
 121	126	2	111 15 
 122	126	2	6 120 
 123	122	2	10 112 
 124	126	2	107 19 
 125	126	2	0 126 
 126	122	2	85 37 
 127	126	2	120 6 
 128	126	2	14 112 
 129	126	2	119 7 
 130	126	2	44 82 
 131	126	2	92 34 
 132	126	2	111 15 
 133	126	2	29 97 
 134	124	2	121 3 
 135	126	2	103 23 
 136	126	2	106 20 
 137	126	2	103 23 
 138	126	2	11 115 
 139	126	2	75 51 
 140	126	2	3 123 
 141	126	2	112 14 
 142	126	2	33 93 
 143	126	2	117 9 
 144	126	2	23 103 
 145	124	2	15 109 
 146	126	2	95 31 
 147	126	2	17 109 
 148	126	2	41 85 
 149	124	2	100 24 
 150	126	2	53 73 
 151	126	2	9 117 

[pop]=3
 1	114	2	107 7 
 2	114	2	50 64 
 3	114	2	91 23 
 4	114	2	83 31 
 5	114	2	13 101 
 6	114	2	32 82 
 7	114	2	17 97 
 8	114	2	60 54 
 9	114	2	6 108 
 10	114	2	14 100 
 11	114	2	83 31 
 12	114	2	15 99 
 13	114	2	77 37 
 14	114	2	98 16 
 15	110	2	59 51 
 16	114	2	16 98 
 17	114	2	78 36 
 18	114	2	58 56 
 19	114	2	92 22 
 20	114	2	77 37 
 21	114	2	104 10 
 22	104	2	46 58 
 23	114	2	39 75 
 24	114	2	48 66 
 25	114	2	77 37 
 26	114	2	48 66 
 27	114	2	72 42 
 28	114	2	81 33 
 29	112	2	30 82 
 30	114	2	64 50 
 31	114	2	35 79 
 32	114	2	59 55 
 33	114	2	106 8 
 34	114	2	107 7 
 35	114	2	27 87 
 36	114	2	32 82 
 37	114	2	43 71 
 38	114	2	80 34 
 39	114	2	88 26 
 40	114	2	110 4 
 41	114	2	65 49 
 42	114	2	96 18 
 43	114	2	16 98 
 44	114	2	60 54 
 45	88	2	73 15 
 46	114	2	75 39 
 47	114	2	111 3 
 48	114	2	105 9 
 49	114	2	106 8 
 50	114	2	110 4 
 51	114	2	15 99 
 52	110	2	98 12 
 53	114	2	3 111 
 54	114	2	59 55 
 55	112	2	38 74 
 56	114	2	74 40 
 57	114	2	50 64 
 58	114	2	37 77 
 59	114	2	76 38 
 60	114	2	92 22 
 61	114	2	35 79 
 62	114	2	99 15 
 63	114	2	44 70 
 64	114	2	66 48 
 65	114	2	89 25 
 66	114	2	96 18 
 67	114	2	98 16 
 68	114	2	35 79 
 69	114	2	64 50 
 70	114	2	19 95 
 71	114	2	80 34 
 72	114	2	46 68 
 73	114	2	11 103 
 74	114	2	45 69 
 75	114	2	26 88 
 76	114	2	55 59 
 77	114	2	37 77 
 78	114	2	30 84 
 79	114	2	56 58 
 80	114	2	89 25 
 81	114	2	19 95 
 82	114	2	43 71 
 83	114	2	112 2 
 84	114	2	111 3 
 85	112	2	93 19 
 86	112	2	91 21 
 87	114	2	71 43 
 88	102	2	23 79 
 89	114	2	45 69 
 90	114	2	19 95 
 91	106	2	72 34 
 92	114	2	8 106 
 93	114	2	66 48 
 94	114	2	108 6 
 95	112	2	100 12 
 96	114	2	39 75 
 97	114	2	9 105 
 98	114	2	112 2 
 99	114	2	36 78 
 100	114	2	98 16 
 101	114	2	90 24 
 102	114	2	78 36 
 103	114	2	16 98 
 104	114	2	14 100 
 105	114	2	41 73 
 106	114	2	88 26 
 107	114	2	11 103 
 108	114	2	99 15 
 109	114	2	53 61 
 110	114	2	7 107 
 111	114	2	112 2 
 112	112	2	15 97 
 113	114	2	48 66 
 114	114	2	90 24 
 115	104	2	14 90 
 116	114	2	107 7 
 117	112	2	8 104 
 118	114	2	96 18 
 119	114	2	83 31 
 120	114	2	109 5 
 121	112	2	91 21 
 122	114	2	6 108 
 123	112	2	18 94 
 124	114	2	98 16 
 125	114	2	0 114 
 126	110	2	74 36 
 127	114	2	113 1 
 128	114	2	2 112 
 129	114	2	113 1 
 130	112	2	52 60 
 131	114	2	73 41 
 132	114	2	100 14 
 133	114	2	13 101 
 134	114	2	113 1 
 135	114	2	95 19 
 136	114	2	101 13 
 137	114	2	89 25 
 138	114	2	10 104 
 139	114	2	72 42 
 140	114	2	4 110 
 141	114	2	101 13 
 142	114	2	16 98 
 143	114	2	100 14 
 144	114	2	21 93 
 145	108	2	13 95 
 146	114	2	85 29 
 147	114	2	17 97 
 148	114	2	43 71 
 149	112	2	81 31 
 150	114	2	63 51 
 151	114	2	10 104 

[pop]=4
 1	182	2	180 2 
 2	182	2	125 57 
 3	182	2	143 39 
 4	182	2	116 66 
 5	182	2	20 162 
 6	182	2	64 118 
 7	176	2	42 134 
 8	182	2	84 98 
 9	182	2	63 119 
 10	180	2	28 152 
 11	182	2	108 74 
 12	182	2	29 153 
 13	176	2	132 44 
 14	182	2	163 19 
 15	178	2	71 107 
 16	182	2	44 138 
 17	182	2	134 48 
 18	182	2	66 116 
 19	180	2	142 38 
 20	182	2	125 57 
 21	182	2	161 21 
 22	178	2	62 116 
 23	182	2	52 130 
 24	182	2	84 98 
 25	182	2	111 71 
 26	182	2	62 120 
 27	182	2	94 88 
 28	180	2	93 87 
 29	182	2	52 130 
 30	182	2	102 80 
 31	182	2	53 129 
 32	182	2	86 96 
 33	182	2	150 32 
 34	182	2	175 7 
 35	182	2	50 132 
 36	180	2	77 103 
 37	182	2	96 86 
 38	182	2	140 42 
 39	180	2	144 36 
 40	182	2	169 13 
 41	182	2	82 100 
 42	182	2	148 34 
 43	182	2	49 133 
 44	182	2	102 80 
 45	160	2	118 42 
 46	182	2	126 56 
 47	172	2	162 10 
 48	182	2	170 12 
 49	182	2	170 12 
 50	182	2	170 12 
 51	182	2	68 114 
 52	168	2	145 23 
 53	182	2	8 174 
 54	182	2	113 69 
 55	178	2	59 119 
 56	182	2	97 85 
 57	182	2	79 103 
 58	182	2	49 133 
 59	182	2	124 58 
 60	182	2	153 29 
 61	182	2	39 143 
 62	182	2	160 22 
 63	182	2	82 100 
 64	182	2	86 96 
 65	182	2	130 52 
 66	182	2	131 51 
 67	180	2	146 34 
 68	182	2	94 88 
 69	182	2	80 102 
 70	182	2	46 136 
 71	182	2	130 52 
 72	182	2	48 134 
 73	182	2	37 145 
 74	182	2	81 101 
 75	180	2	49 131 
 76	182	2	69 113 
 77	182	2	44 138 
 78	180	2	30 150 
 79	182	2	68 114 
 80	178	2	148 30 
 81	182	2	13 169 
 82	182	2	58 124 
 83	182	2	179 3 
 84	182	2	179 3 
 85	182	2	166 16 
 86	182	2	118 64 
 87	182	2	129 53 
 88	172	2	51 121 
 89	180	2	67 113 
 90	182	2	50 132 
 91	178	2	132 46 
 92	180	2	10 170 
 93	182	2	70 112 
 94	182	2	160 22 
 95	182	2	162 20 
 96	180	2	44 136 
 97	178	2	12 166 
 98	182	2	168 14 
 99	182	2	40 142 
 100	182	2	161 21 
 101	182	2	155 27 
 102	182	2	130 52 
 103	176	2	41 135 
 104	182	2	31 151 
 105	182	2	59 123 
 106	182	2	130 52 
 107	182	2	13 169 
 108	182	2	158 24 
 109	182	2	99 83 
 110	182	2	11 171 
 111	178	2	173 5 
 112	180	2	49 131 
 113	182	2	83 99 
 114	182	2	139 43 
 115	182	2	37 145 
 116	182	2	163 19 
 117	180	2	13 167 
 118	182	2	171 11 
 119	182	2	120 62 
 120	182	2	172 10 
 121	182	2	133 49 
 122	182	2	28 154 
 123	168	2	32 136 
 124	182	2	162 20 
 125	182	2	0 182 
 126	158	2	113 45 
 127	182	2	159 23 
 128	180	2	3 177 
 129	182	2	166 16 
 130	180	2	55 125 
 131	182	2	123 59 
 132	182	2	169 13 
 133	182	2	23 159 
 134	178	2	176 2 
 135	180	2	155 25 
 136	182	2	146 36 
 137	180	2	139 41 
 138	182	2	28 154 
 139	182	2	151 31 
 140	182	2	22 160 
 141	182	2	156 26 
 142	182	2	13 169 
 143	182	2	156 26 
 144	182	2	40 142 
 145	182	2	47 135 
 146	182	2	153 29 
 147	182	2	33 149 
 148	182	2	51 131 
 149	180	2	134 46 
 150	182	2	88 94 
 151	182	2	30 152 

[pop]=5
 1	90	2	87 3 
 2	92	2	55 37 
 3	92	2	46 46 
 4	88	2	57 31 
 5	92	2	9 83 
 6	92	2	18 74 
 7	92	2	21 71 
 8	92	2	59 33 
 9	86	2	23 63 
 10	92	2	10 82 
 11	90	2	64 26 
 12	90	2	5 85 
 13	78	2	58 20 
 14	92	2	88 4 
 15	86	2	35 51 
 16	82	2	13 69 
 17	92	2	76 16 
 18	90	2	24 66 
 19	92	2	75 17 
 20	92	2	46 46 
 21	92	2	75 17 
 22	92	2	50 42 
 23	92	2	29 63 
 24	92	2	55 37 
 25	92	2	47 45 
 26	92	2	41 51 
 27	92	2	52 40 
 28	92	2	38 54 
 29	92	2	31 61 
 30	92	2	39 53 
 31	92	2	22 70 
 32	92	2	69 23 
 33	92	2	71 21 
 34	92	2	90 2 
 35	92	2	29 63 
 36	92	2	43 49 
 37	92	2	56 36 
 38	92	2	48 44 
 39	92	2	88 4 
 40	92	2	91 1 
 41	92	2	32 60 
 42	92	2	75 17 
 43	92	2	14 78 
 44	92	2	51 41 
 45	88	2	82 6 
 46	90	2	55 35 
 47	86	2	71 15 
 48	92	2	78 14 
 49	92	2	84 8 
 50	82	2	74 8 
 51	92	2	39 53 
 52	90	2	65 25 
 53	92	2	8 84 
 54	92	2	51 41 
 55	92	2	40 52 
 56	92	2	30 62 
 57	92	2	62 30 
 58	92	2	10 82 
 59	92	2	59 33 
 60	92	2	72 20 
 61	92	2	25 67 
 62	92	2	62 30 
 63	92	2	23 69 
 64	92	2	33 59 
 65	92	2	64 28 
 66	92	2	43 49 
 67	92	2	75 17 
 68	90	2	24 66 
 69	92	2	49 43 
 70	92	2	23 69 
 71	92	2	60 32 
 72	92	2	19 73 
 73	92	2	33 59 
 74	90	2	47 43 
 75	92	2	62 30 
 76	92	2	31 61 
 77	92	2	20 72 
 78	92	2	24 68 
 79	92	2	36 56 
 80	92	2	58 34 
 81	92	2	15 77 
 82	92	2	37 55 
 83	92	2	92 0 
 84	92	2	87 5 
 85	92	2	83 9 
 86	92	2	76 16 
 87	92	2	70 22 
 88	74	2	13 61 
 89	92	2	53 39 
 90	92	2	16 76 
 91	88	2	53 35 
 92	92	2	4 88 
 93	92	2	28 64 
 94	92	2	90 2 
 95	92	2	78 14 
 96	88	2	23 65 
 97	92	2	8 84 
 98	92	2	69 23 
 99	92	2	27 65 
 100	92	2	79 13 
 101	92	2	73 19 
 102	90	2	66 24 
 103	92	2	7 85 
 104	92	2	5 87 
 105	92	2	38 54 
 106	92	2	78 14 
 107	92	2	5 87 
 108	92	2	89 3 
 109	92	2	39 53 
 110	92	2	23 69 
 111	92	2	85 7 
 112	92	2	23 69 
 113	92	2	53 39 
 114	92	2	54 38 
 115	92	2	44 48 
 116	84	2	73 11 
 117	90	2	1 89 
 118	92	2	86 6 
 119	92	2	56 36 
 120	92	2	87 5 
 121	92	2	77 15 
 122	92	2	6 86 
 123	90	2	15 75 
 124	92	2	83 9 
 125	92	2	5 87 
 126	92	2	71 21 
 127	86	2	51 35 
 128	92	2	7 85 
 129	92	2	72 20 
 130	92	2	44 48 
 131	92	2	43 49 
 132	92	2	86 6 
 133	92	2	17 75 
 134	92	2	91 1 
 135	92	2	80 12 
 136	92	2	66 26 
 137	92	2	73 19 
 138	92	2	20 72 
 139	92	2	67 25 
 140	92	2	14 78 
 141	92	2	67 25 
 142	92	2	7 85 
 143	92	2	77 15 
 144	92	2	18 74 
 145	88	2	26 62 
 146	92	2	60 32 
 147	92	2	52 40 
 148	92	2	15 77 
 149	82	2	37 45 
 150	92	2	46 46 
 151	92	2	4 88 

[pop]=6
 1	90	2	86 4 
 2	90	2	50 40 
 3	90	2	51 39 
 4	90	2	73 17 
 5	90	2	16 74 
 6	90	2	39 51 
 7	84	2	22 62 
 8	90	2	58 32 
 9	90	2	20 70 
 10	90	2	14 76 
 11	88	2	62 26 
 12	90	2	6 84 
 13	76	2	52 24 
 14	90	2	86 4 
 15	90	2	46 44 
 16	88	2	21 67 
 17	80	2	61 19 
 18	90	2	33 57 
 19	90	2	71 19 
 20	90	2	60 30 
 21	88	2	69 19 
 22	86	2	32 54 
 23	90	2	29 61 
 24	90	2	50 40 
 25	90	2	52 38 
 26	90	2	36 54 
 27	90	2	54 36 
 28	90	2	43 47 
 29	86	2	17 69 
 30	90	2	54 36 
 31	90	2	10 80 
 32	90	2	50 40 
 33	86	2	67 19 
 34	90	2	88 2 
 35	88	2	17 71 
 36	90	2	43 47 
 37	90	2	54 36 
 38	90	2	48 42 
 39	90	2	84 6 
 40	90	2	84 6 
 41	88	2	40 48 
 42	90	2	82 8 
 43	90	2	23 67 
 44	86	2	51 35 
 45	90	2	76 14 
 46	90	2	51 39 
 47	90	2	80 10 
 48	90	2	74 16 
 49	90	2	87 3 
 50	90	2	87 3 
 51	90	2	28 62 
 52	90	2	84 6 
 53	90	2	1 89 
 54	90	2	37 53 
 55	90	2	42 48 
 56	88	2	35 53 
 57	82	2	51 31 
 58	90	2	5 85 
 59	90	2	43 47 
 60	90	2	76 14 
 61	90	2	24 66 
 62	90	2	74 16 
 63	90	2	34 56 
 64	90	2	30 60 
 65	90	2	60 30 
 66	90	2	52 38 
 67	90	2	81 9 
 68	90	2	26 64 
 69	84	2	41 43 
 70	90	2	18 72 
 71	90	2	54 36 
 72	90	2	23 67 
 73	90	2	24 66 
 74	90	2	37 53 
 75	90	2	42 48 
 76	90	2	32 58 
 77	90	2	11 79 
 78	90	2	22 68 
 79	90	2	32 58 
 80	90	2	72 18 
 81	90	2	11 79 
 82	90	2	43 47 
 83	90	2	89 1 
 84	90	2	86 4 
 85	86	2	69 17 
 86	90	2	74 16 
 87	90	2	65 25 
 88	90	2	16 74 
 89	90	2	37 53 
 90	88	2	20 68 
 91	82	2	44 38 
 92	90	2	5 85 
 93	90	2	26 64 
 94	90	2	77 13 
 95	90	2	78 12 
 96	90	2	15 75 
 97	90	2	8 82 
 98	90	2	78 12 
 99	90	2	24 66 
 100	88	2	72 16 
 101	90	2	74 16 
 102	90	2	70 20 
 103	90	2	16 74 
 104	84	2	5 79 
 105	90	2	49 41 
 106	90	2	85 5 
 107	90	2	1 89 
 108	90	2	82 8 
 109	90	2	49 41 
 110	90	2	28 62 
 111	90	2	83 7 
 112	88	2	10 78 
 113	90	2	45 45 
 114	90	2	55 35 
 115	90	2	25 65 
 116	84	2	83 1 
 117	90	2	0 90 
 118	90	2	87 3 
 119	90	2	67 23 
 120	84	2	74 10 
 121	90	2	69 21 
 122	90	2	10 80 
 123	90	2	20 70 
 124	90	2	83 7 
 125	90	2	3 87 
 126	90	2	69 21 
 127	82	2	53 29 
 128	90	2	6 84 
 129	90	2	66 24 
 130	88	2	41 47 
 131	90	2	57 33 
 132	90	2	75 15 
 133	90	2	14 76 
 134	90	2	90 0 
 135	90	2	81 9 
 136	90	2	75 15 
 137	90	2	73 17 
 138	90	2	16 74 
 139	90	2	60 30 
 140	88	2	15 73 
 141	88	2	72 16 
 142	90	2	11 79 
 143	90	2	83 7 
 144	90	2	28 62 
 145	86	2	19 67 
 146	90	2	67 23 
 147	90	2	52 38 
 148	90	2	23 67 
 149	88	2	50 38 
 150	90	2	44 46 
 151	90	2	14 76 

[pop]=7
 1	92	2	92 0 
 2	92	2	29 63 
 3	92	2	27 65 
 4	92	2	50 42 
 5	92	2	3 89 
 6	92	2	21 71 
 7	92	2	12 80 
 8	92	2	2 90 
 9	92	2	0 92 
 10	90	2	37 53 
 11	90	2	62 28 
 12	92	2	0 92 
 13	92	2	47 45 
 14	92	2	92 0 
 15	92	2	82 10 
 16	92	2	1 91 
 17	92	2	68 24 
 18	92	2	50 42 
 19	92	2	83 9 
 20	92	2	86 6 
 21	92	2	92 0 
 22	90	2	9 81 
 23	92	2	33 59 
 24	92	2	64 28 
 25	92	2	25 67 
 26	92	2	24 68 
 27	82	2	37 45 
 28	92	2	44 48 
 29	92	2	2 90 
 30	92	2	14 78 
 31	92	2	4 88 
 32	92	2	37 55 
 33	92	2	75 17 
 34	92	2	92 0 
 35	92	2	1 91 
 36	92	2	61 31 
 37	92	2	25 67 
 38	92	2	91 1 
 39	92	2	85 7 
 40	92	2	90 2 
 41	92	2	59 33 
 42	92	2	91 1 
 43	92	2	0 92 
 44	92	2	43 49 
 45	92	2	82 10 
 46	92	2	86 6 
 47	92	2	75 17 
 48	92	2	91 1 
 49	92	2	91 1 
 50	92	2	92 0 
 51	92	2	38 54 
 52	92	2	85 7 
 53	92	2	1 91 
 54	92	2	29 63 
 55	92	2	7 85 
 56	92	2	62 30 
 57	92	2	81 11 
 58	92	2	18 74 
 59	92	2	69 23 
 60	92	2	85 7 
 61	92	2	6 86 
 62	92	2	74 18 
 63	92	2	68 24 
 64	92	2	16 76 
 65	92	2	83 9 
 66	92	2	79 13 
 67	92	2	90 2 
 68	92	2	14 78 
 69	92	2	55 37 
 70	92	2	5 87 
 71	90	2	59 31 
 72	92	2	22 70 
 73	92	2	24 68 
 74	92	2	7 85 
 75	92	2	43 49 
 76	92	2	6 86 
 77	92	2	21 71 
 78	92	2	17 75 
 79	92	2	71 21 
 80	92	2	81 11 
 81	92	2	8 84 
 82	92	2	5 87 
 83	92	2	91 1 
 84	92	2	92 0 
 85	92	2	64 28 
 86	92	2	56 36 
 87	92	2	89 3 
 88	86	2	49 37 
 89	92	2	19 73 
 90	92	2	70 22 
 91	90	2	51 39 
 92	92	2	0 92 
 93	92	2	45 47 
 94	92	2	91 1 
 95	88	2	32 56 
 96	92	2	37 55 
 97	92	2	1 91 
 98	92	2	90 2 
 99	92	2	49 43 
 100	92	2	81 11 
 101	90	2	90 0 
 102	92	2	81 11 
 103	92	2	19 73 
 104	92	2	0 92 
 105	92	2	77 15 
 106	92	2	78 14 
 107	92	2	0 92 
 108	92	2	65 27 
 109	92	2	43 49 
 110	92	2	17 75 
 111	92	2	72 20 
 112	90	2	0 90 
 113	92	2	1 91 
 114	92	2	79 13 
 115	92	2	32 60 
 116	92	2	91 1 
 117	92	2	1 91 
 118	90	2	89 1 
 119	92	2	90 2 
 120	92	2	92 0 
 121	92	2	86 6 
 122	92	2	0 92 
 123	92	2	4 88 
 124	92	2	92 0 
 125	92	2	1 91 
 126	92	2	79 13 
 127	92	2	87 5 
 128	92	2	0 92 
 129	92	2	38 54 
 130	92	2	45 47 
 131	90	2	70 20 
 132	92	2	90 2 
 133	92	2	26 66 
 134	92	2	92 0 
 135	92	2	92 0 
 136	92	2	88 4 
 137	92	2	88 4 
 138	92	2	29 63 
 139	92	2	37 55 
 140	92	2	2 90 
 141	92	2	91 1 
 142	92	2	2 90 
 143	92	2	85 7 
 144	92	2	10 82 
 145	92	2	15 77 
 146	92	2	86 6 
 147	92	2	22 70 
 148	92	2	4 88 
 149	92	2	40 52 
 150	92	2	8 84 
 151	92	2	6 86 

[pop]=8
 1	68	2	68 0 
 2	68	2	52 16 
 3	68	2	30 38 
 4	68	2	35 33 
 5	68	2	12 56 
 6	68	2	15 53 
 7	66	2	16 50 
 8	68	2	28 40 
 9	66	2	19 47 
 10	68	2	9 59 
 11	68	2	54 14 
 12	68	2	8 60 
 13	66	2	43 23 
 14	68	2	64 4 
 15	66	2	40 26 
 16	68	2	13 55 
 17	68	2	55 13 
 18	66	2	19 47 
 19	68	2	38 30 
 20	68	2	43 25 
 21	68	2	56 12 
 22	62	2	31 31 
 23	68	2	25 43 
 24	62	2	35 27 
 25	68	2	23 45 
 26	68	2	29 39 
 27	68	2	37 31 
 28	68	2	37 31 
 29	68	2	15 53 
 30	68	2	35 33 
 31	68	2	12 56 
 32	68	2	35 33 
 33	68	2	53 15 
 34	68	2	68 0 
 35	68	2	15 53 
 36	68	2	30 38 
 37	68	2	47 21 
 38	68	2	34 34 
 39	68	2	54 14 
 40	68	2	66 2 
 41	68	2	29 39 
 42	68	2	66 2 
 43	68	2	14 54 
 44	68	2	31 37 
 45	50	2	40 10 
 46	68	2	44 24 
 47	64	2	57 7 
 48	68	2	58 10 
 49	68	2	67 1 
 50	68	2	67 1 
 51	68	2	12 56 
 52	68	2	67 1 
 53	68	2	0 68 
 54	68	2	26 42 
 55	68	2	35 33 
 56	68	2	30 38 
 57	68	2	35 33 
 58	68	2	7 61 
 59	68	2	46 22 
 60	68	2	59 9 
 61	68	2	18 50 
 62	68	2	59 9 
 63	68	2	34 34 
 64	68	2	20 48 
 65	68	2	50 18 
 66	68	2	31 37 
 67	68	2	57 11 
 68	68	2	23 45 
 69	68	2	18 50 
 70	68	2	17 51 
 71	68	2	49 19 
 72	68	2	29 39 
 73	68	2	19 49 
 74	68	2	33 35 
 75	68	2	34 34 
 76	68	2	18 50 
 77	68	2	15 53 
 78	68	2	15 53 
 79	68	2	30 38 
 80	66	2	40 26 
 81	68	2	11 57 
 82	68	2	26 42 
 83	68	2	61 7 
 84	68	2	65 3 
 85	68	2	51 17 
 86	68	2	47 21 
 87	68	2	39 29 
 88	64	2	16 48 
 89	68	2	30 38 
 90	68	2	17 51 
 91	68	2	42 26 
 92	68	2	1 67 
 93	68	2	17 51 
 94	64	2	61 3 
 95	68	2	60 8 
 96	68	2	13 55 
 97	68	2	4 64 
 98	68	2	54 14 
 99	68	2	16 52 
 100	68	2	60 8 
 101	68	2	56 12 
 102	68	2	42 26 
 103	66	2	4 62 
 104	66	2	9 57 
 105	66	2	39 27 
 106	68	2	53 15 
 107	68	2	6 62 
 108	66	2	61 5 
 109	68	2	27 41 
 110	68	2	17 51 
 111	68	2	66 2 
 112	68	2	17 51 
 113	68	2	40 28 
 114	68	2	49 19 
 115	66	2	40 26 
 116	68	2	68 0 
 117	68	2	1 67 
 118	68	2	68 0 
 119	68	2	53 15 
 120	68	2	61 7 
 121	66	2	46 20 
 122	68	2	8 60 
 123	68	2	6 62 
 124	66	2	66 0 
 125	68	2	0 68 
 126	68	2	55 13 
 127	68	2	36 32 
 128	68	2	3 65 
 129	68	2	53 15 
 130	68	2	28 40 
 131	66	2	45 21 
 132	68	2	58 10 
 133	68	2	6 62 
 134	68	2	68 0 
 135	68	2	55 13 
 136	68	2	56 12 
 137	68	2	49 19 
 138	64	2	21 43 
 139	66	2	52 14 
 140	66	2	22 44 
 141	68	2	50 18 
 142	68	2	4 64 
 143	68	2	59 9 
 144	68	2	37 31 
 145	68	2	17 51 
 146	68	2	46 22 
 147	66	2	37 29 
 148	68	2	23 45 
 149	62	2	29 33 
 150	68	2	36 32 
 151	68	2	5 63 

[pop]=9
 1	66	2	59 7 
 2	64	2	37 27 
 3	66	2	26 40 
 4	64	2	40 24 
 5	66	2	10 56 
 6	66	2	22 44 
 7	64	2	20 44 
 8	64	2	34 30 
 9	64	2	11 53 
 10	62	2	13 49 
 11	66	2	45 21 
 12	62	2	7 55 
 13	62	2	39 23 
 14	66	2	65 1 
 15	56	2	31 25 
 16	66	2	11 55 
 17	64	2	41 23 
 18	64	2	18 46 
 19	64	2	45 19 
 20	64	2	45 19 
 21	64	2	52 12 
 22	62	2	29 33 
 23	64	2	13 51 
 24	66	2	42 24 
 25	66	2	33 33 
 26	64	2	21 43 
 27	64	2	41 23 
 28	62	2	34 28 
 29	62	2	13 49 
 30	64	2	39 25 
 31	66	2	17 49 
 32	62	2	35 27 
 33	66	2	50 16 
 34	66	2	65 1 
 35	62	2	17 45 
 36	62	2	26 36 
 37	64	2	35 29 
 38	66	2	43 23 
 39	66	2	59 7 
 40	64	2	59 5 
 41	64	2	26 38 
 42	66	2	61 5 
 43	66	2	14 52 
 44	62	2	38 24 
 45	64	2	56 8 
 46	66	2	39 27 
 47	66	2	63 3 
 48	66	2	61 5 
 49	66	2	63 3 
 50	66	2	65 1 
 51	66	2	24 42 
 52	66	2	56 10 
 53	66	2	5 61 
 54	64	2	24 40 
 55	60	2	22 38 
 56	64	2	25 39 
 57	66	2	35 31 
 58	66	2	9 57 
 59	66	2	26 40 
 60	66	2	51 15 
 61	66	2	22 44 
 62	66	2	53 13 
 63	66	2	25 41 
 64	66	2	23 43 
 65	66	2	46 20 
 66	66	2	42 24 
 67	66	2	59 7 
 68	66	2	19 47 
 69	64	2	29 35 
 70	64	2	15 49 
 71	64	2	44 20 
 72	66	2	13 53 
 73	62	2	18 44 
 74	64	2	36 28 
 75	62	2	20 42 
 76	66	2	30 36 
 77	66	2	5 61 
 78	66	2	8 58 
 79	66	2	24 42 
 80	66	2	50 16 
 81	66	2	5 61 
 82	62	2	26 36 
 83	66	2	64 2 
 84	66	2	66 0 
 85	66	2	57 9 
 86	66	2	43 23 
 87	64	2	46 18 
 88	64	2	10 54 
 89	64	2	29 35 
 90	64	2	18 46 
 91	66	2	34 32 
 92	66	2	5 61 
 93	62	2	21 41 
 94	56	2	50 6 
 95	66	2	52 14 
 96	64	2	14 50 
 97	66	2	4 62 
 98	66	2	52 14 
 99	66	2	26 40 
 100	66	2	55 11 
 101	66	2	50 16 
 102	64	2	44 20 
 103	60	2	4 56 
 104	64	2	4 60 
 105	66	2	42 24 
 106	62	2	46 16 
 107	66	2	2 64 
 108	64	2	56 8 
 109	64	2	32 32 
 110	60	2	15 45 
 111	66	2	63 3 
 112	64	2	12 52 
 113	66	2	35 31 
 114	66	2	49 17 
 115	62	2	15 47 
 116	66	2	64 2 
 117	66	2	2 64 
 118	66	2	66 0 
 119	66	2	52 14 
 120	66	2	51 15 
 121	62	2	49 13 
 122	66	2	9 57 
 123	64	2	13 51 
 124	66	2	65 1 
 125	66	2	0 66 
 126	64	2	52 12 
 127	64	2	41 23 
 128	66	2	0 66 
 129	66	2	47 19 
 130	60	2	21 39 
 131	62	2	42 20 
 132	64	2	57 7 
 133	66	2	15 51 
 134	66	2	65 1 
 135	66	2	57 9 
 136	66	2	50 16 
 137	64	2	48 16 
 138	64	2	12 52 
 139	66	2	44 22 
 140	64	2	8 56 
 141	64	2	51 13 
 142	66	2	6 60 
 143	66	2	61 5 
 144	66	2	14 52 
 145	60	2	24 36 
 146	66	2	56 10 
 147	62	2	37 25 
 148	64	2	9 55 
 149	64	2	28 36 
 150	62	2	32 30 
 151	66	2	7 59 

[pop]=10
 1	94	2	94 0 
 2	94	2	42 52 
 3	92	2	48 44 
 4	94	2	63 31 
 5	94	2	7 87 
 6	94	2	50 44 
 7	94	2	23 71 
 8	94	2	62 32 
 9	94	2	7 87 
 10	94	2	21 73 
 11	92	2	38 54 
 12	94	2	8 86 
 13	94	2	69 25 
 14	94	2	90 4 
 15	94	2	78 16 
 16	94	2	3 91 
 17	94	2	78 16 
 18	94	2	8 86 
 19	94	2	91 3 
 20	94	2	68 26 
 21	94	2	79 15 
 22	94	2	22 72 
 23	94	2	18 76 
 24	94	2	82 12 
 25	94	2	57 37 
 26	94	2	41 53 
 27	94	2	30 64 
 28	94	2	21 73 
 29	94	2	33 61 
 30	94	2	81 13 
 31	94	2	8 86 
 32	94	2	35 59 
 33	94	2	83 11 
 34	94	2	94 0 
 35	94	2	19 75 
 36	94	2	25 69 
 37	94	2	58 36 
 38	94	2	77 17 
 39	94	2	82 12 
 40	94	2	87 7 
 41	94	2	41 53 
 42	94	2	83 11 
 43	94	2	13 81 
 44	94	2	46 48 
 45	88	2	77 11 
 46	94	2	57 37 
 47	94	2	92 2 
 48	94	2	90 4 
 49	94	2	81 13 
 50	94	2	89 5 
 51	94	2	27 67 
 52	94	2	94 0 
 53	94	2	0 94 
 54	94	2	27 67 
 55	94	2	52 42 
 56	94	2	35 59 
 57	94	2	48 46 
 58	94	2	9 85 
 59	94	2	50 44 
 60	94	2	93 1 
 61	94	2	37 57 
 62	94	2	83 11 
 63	94	2	44 50 
 64	94	2	41 53 
 65	94	2	89 5 
 66	94	2	59 35 
 67	94	2	93 1 
 68	94	2	40 54 
 69	94	2	76 18 
 70	94	2	17 77 
 71	94	2	50 44 
 72	94	2	23 71 
 73	94	2	29 65 
 74	94	2	28 66 
 75	94	2	27 67 
 76	94	2	38 56 
 77	94	2	0 94 
 78	94	2	54 40 
 79	94	2	44 50 
 80	94	2	33 61 
 81	94	2	9 85 
 82	94	2	49 45 
 83	94	2	86 8 
 84	94	2	94 0 
 85	94	2	66 28 
 86	94	2	64 30 
 87	94	2	69 25 
 88	78	2	14 64 
 89	94	2	33 61 
 90	94	2	52 42 
 91	86	2	63 23 
 92	94	2	7 87 
 93	94	2	38 56 
 94	94	2	89 5 
 95	94	2	68 26 
 96	94	2	40 54 
 97	94	2	2 92 
 98	94	2	91 3 
 99	94	2	44 50 
 100	94	2	74 20 
 101	88	2	81 7 
 102	94	2	71 23 
 103	94	2	25 69 
 104	94	2	0 94 
 105	94	2	44 50 
 106	94	2	85 9 
 107	94	2	0 94 
 108	92	2	75 17 
 109	94	2	55 39 
 110	94	2	47 47 
 111	94	2	94 0 
 112	92	2	9 83 
 113	92	2	31 61 
 114	94	2	82 12 
 115	92	2	13 79 
 116	86	2	81 5 
 117	94	2	4 90 
 118	94	2	94 0 
 119	94	2	67 27 
 120	94	2	90 4 
 121	94	2	82 12 
 122	94	2	8 86 
 123	92	2	26 66 
 124	94	2	85 9 
 125	94	2	1 93 
 126	94	2	86 8 
 127	94	2	80 14 
 128	94	2	5 89 
 129	94	2	48 46 
 130	88	2	40 48 
 131	94	2	50 44 
 132	94	2	75 19 
 133	94	2	16 78 
 134	94	2	94 0 
 135	94	2	92 2 
 136	94	2	50 44 
 137	94	2	72 22 
 138	94	2	20 74 
 139	94	2	40 54 
 140	94	2	11 83 
 141	94	2	79 15 
 142	94	2	0 94 
 143	94	2	94 0 
 144	94	2	2 92 
 145	94	2	22 72 
 146	94	2	70 24 
 147	94	2	57 37 
 148	90	2	16 74 
 149	94	2	74 20 
 150	94	2	38 56 
 151	94	2	28 66 

[pop]=11
 1	78	2	78 0 
 2	78	2	45 33 
 3	78	2	36 42 
 4	78	2	72 6 
 5	78	2	4 74 
 6	78	2	9 69 
 7	78	2	15 63 
 8	78	2	37 41 
 9	78	2	4 74 
 10	78	2	6 72 
 11	78	2	56 22 
 12	76	2	0 76 
 13	78	2	53 25 
 14	78	2	75 3 
 15	78	2	61 17 
 16	78	2	15 63 
 17	78	2	71 7 
 18	78	2	32 46 
 19	78	2	69 9 
 20	76	2	61 15 
 21	78	2	68 10 
 22	76	2	43 33 
 23	78	2	30 48 
 24	78	2	58 20 
 25	78	2	38 40 
 26	78	2	8 70 
 27	78	2	62 16 
 28	78	2	11 67 
 29	78	2	29 49 
 30	78	2	54 24 
 31	78	2	6 72 
 32	78	2	53 25 
 33	78	2	71 7 
 34	78	2	62 16 
 35	78	2	6 72 
 36	76	2	31 45 
 37	78	2	49 29 
 38	76	2	63 13 
 39	78	2	78 0 
 40	76	2	72 4 
 41	76	2	62 14 
 42	78	2	78 0 
 43	78	2	14 64 
 44	68	2	24 44 
 45	78	2	54 24 
 46	78	2	44 34 
 47	78	2	73 5 
 48	78	2	74 4 
 49	78	2	72 6 
 50	78	2	70 8 
 51	78	2	8 70 
 52	78	2	72 6 
 53	78	2	0 78 
 54	78	2	25 53 
 55	78	2	19 59 
 56	78	2	43 35 
 57	72	2	50 22 
 58	78	2	20 58 
 59	78	2	24 54 
 60	78	2	76 2 
 61	78	2	6 72 
 62	78	2	73 5 
 63	78	2	58 20 
 64	78	2	17 61 
 65	78	2	75 3 
 66	78	2	63 15 
 67	78	2	77 1 
 68	78	2	9 69 
 69	76	2	47 29 
 70	78	2	29 49 
 71	76	2	54 22 
 72	78	2	14 64 
 73	78	2	30 48 
 74	78	2	32 46 
 75	78	2	25 53 
 76	76	2	28 48 
 77	76	2	8 68 
 78	78	2	3 75 
 79	78	2	14 64 
 80	78	2	70 8 
 81	78	2	19 59 
 82	78	2	17 61 
 83	78	2	75 3 
 84	78	2	71 7 
 85	78	2	72 6 
 86	78	2	64 14 
 87	78	2	55 23 
 88	78	2	32 46 
 89	78	2	45 33 
 90	78	2	35 43 
 91	66	2	41 25 
 92	78	2	0 78 
 93	76	2	34 42 
 94	78	2	78 0 
 95	78	2	54 24 
 96	78	2	36 42 
 97	78	2	7 71 
 98	78	2	64 14 
 99	78	2	45 33 
 100	78	2	64 14 
 101	78	2	62 16 
 102	78	2	69 9 
 103	74	2	19 55 
 104	78	2	0 78 
 105	78	2	53 25 
 106	78	2	70 8 
 107	78	2	1 77 
 108	78	2	78 0 
 109	78	2	56 22 
 110	78	2	18 60 
 111	78	2	68 10 
 112	78	2	11 67 
 113	78	2	36 42 
 114	78	2	64 14 
 115	78	2	20 58 
 116	76	2	74 2 
 117	78	2	0 78 
 118	74	2	71 3 
 119	78	2	67 11 
 120	78	2	78 0 
 121	78	2	72 6 
 122	78	2	1 77 
 123	78	2	37 41 
 124	78	2	76 2 
 125	78	2	1 77 
 126	78	2	64 14 
 127	78	2	76 2 
 128	78	2	3 75 
 129	78	2	36 42 
 130	76	2	41 35 
 131	78	2	49 29 
 132	78	2	78 0 
 133	78	2	7 71 
 134	76	2	76 0 
 135	78	2	74 4 
 136	78	2	39 39 
 137	78	2	67 11 
 138	78	2	6 72 
 139	78	2	45 33 
 140	78	2	16 62 
 141	78	2	71 7 
 142	78	2	0 78 
 143	78	2	73 5 
 144	78	2	8 70 
 145	78	2	6 72 
 146	78	2	61 17 
 147	78	2	52 26 
 148	78	2	20 58 
 149	78	2	33 45 
 150	78	2	16 62 
 151	78	2	33 45 

[pop]=12
 1	96	2	92 4 
 2	96	2	62 34 
 3	96	2	42 54 
 4	96	2	77 19 
 5	96	2	36 60 
 6	96	2	23 73 
 7	94	2	34 60 
 8	96	2	46 50 
 9	96	2	33 63 
 10	96	2	19 77 
 11	96	2	60 36 
 12	96	2	4 92 
 13	94	2	63 31 
 14	94	2	80 14 
 15	96	2	42 54 
 16	88	2	17 71 
 17	96	2	82 14 
 18	96	2	27 69 
 19	96	2	74 22 
 20	96	2	67 29 
 21	96	2	73 23 
 22	96	2	24 72 
 23	96	2	42 54 
 24	96	2	70 26 
 25	96	2	42 54 
 26	96	2	52 44 
 27	96	2	58 38 
 28	96	2	53 43 
 29	96	2	21 75 
 30	96	2	38 58 
 31	96	2	13 83 
 32	96	2	65 31 
 33	96	2	87 9 
 34	96	2	96 0 
 35	96	2	18 78 
 36	96	2	42 54 
 37	96	2	53 43 
 38	96	2	55 41 
 39	96	2	83 13 
 40	96	2	86 10 
 41	96	2	42 54 
 42	96	2	74 22 
 43	96	2	25 71 
 44	96	2	62 34 
 45	96	2	76 20 
 46	96	2	65 31 
 47	96	2	88 8 
 48	96	2	89 7 
 49	96	2	86 10 
 50	96	2	92 4 
 51	96	2	34 62 
 52	96	2	79 17 
 53	96	2	3 93 
 54	96	2	31 65 
 55	96	2	43 53 
 56	96	2	35 61 
 57	96	2	69 27 
 58	96	2	13 83 
 59	96	2	56 40 
 60	96	2	79 17 
 61	96	2	28 68 
 62	96	2	60 36 
 63	96	2	36 60 
 64	96	2	47 49 
 65	96	2	66 30 
 66	96	2	37 59 
 67	96	2	90 6 
 68	96	2	33 63 
 69	96	2	29 67 
 70	96	2	25 71 
 71	96	2	75 21 
 72	96	2	16 80 
 73	96	2	25 71 
 74	96	2	61 35 
 75	96	2	34 62 
 76	96	2	31 65 
 77	96	2	15 81 
 78	96	2	6 90 
 79	96	2	27 69 
 80	96	2	52 44 
 81	96	2	13 83 
 82	96	2	36 60 
 83	96	2	96 0 
 84	94	2	92 2 
 85	96	2	78 18 
 86	96	2	77 19 
 87	96	2	61 35 
 88	86	2	17 69 
 89	96	2	60 36 
 90	96	2	11 85 
 91	96	2	52 44 
 92	96	2	18 78 
 93	96	2	27 69 
 94	96	2	86 10 
 95	96	2	90 6 
 96	94	2	34 60 
 97	96	2	9 87 
 98	96	2	66 30 
 99	96	2	19 77 
 100	96	2	85 11 
 101	96	2	80 16 
 102	96	2	66 30 
 103	96	2	2 94 
 104	96	2	4 92 
 105	96	2	64 32 
 106	96	2	85 11 
 107	96	2	2 94 
 108	96	2	87 9 
 109	96	2	45 51 
 110	96	2	15 81 
 111	96	2	74 22 
 112	96	2	22 74 
 113	96	2	48 48 
 114	96	2	62 34 
 115	96	2	47 49 
 116	96	2	89 7 
 117	96	2	0 96 
 118	96	2	94 2 
 119	96	2	56 40 
 120	96	2	88 8 
 121	96	2	78 18 
 122	96	2	15 81 
 123	96	2	21 75 
 124	96	2	95 1 
 125	94	2	0 94 
 126	96	2	62 34 
 127	96	2	48 48 
 128	96	2	7 89 
 129	96	2	80 16 
 130	94	2	40 54 
 131	96	2	32 64 
 132	96	2	86 10 
 133	96	2	16 80 
 134	94	2	94 0 
 135	96	2	74 22 
 136	96	2	73 23 
 137	96	2	66 30 
 138	96	2	41 55 
 139	96	2	71 25 
 140	96	2	23 73 
 141	96	2	66 30 
 142	96	2	17 79 
 143	96	2	75 21 
 144	96	2	26 70 
 145	96	2	31 65 
 146	96	2	61 35 
 147	96	2	44 52 
 148	96	2	21 75 
 149	96	2	47 49 
 150	96	2	50 46 
 151	96	2	5 91 

[pop]=13
 1	252	2	244 8 
 2	252	2	144 108 
 3	252	2	215 37 
 4	252	2	182 70 
 5	252	2	28 224 
 6	252	2	69 183 
 7	250	2	35 215 
 8	252	2	127 125 
 9	250	2	29 221 
 10	252	2	22 230 
 11	252	2	181 71 
 12	252	2	31 221 
 13	248	2	165 83 
 14	252	2	202 50 
 15	252	2	125 127 
 16	252	2	27 225 
 17	252	2	208 44 
 18	252	2	109 143 
 19	250	2	191 59 
 20	252	2	152 100 
 21	250	2	234 16 
 22	246	2	65 181 
 23	252	2	66 186 
 24	252	2	148 104 
 25	252	2	162 90 
 26	252	2	146 106 
 27	252	2	124 128 
 28	250	2	138 112 
 29	252	2	63 189 
 30	252	2	124 128 
 31	252	2	86 166 
 32	252	2	125 127 
 33	252	2	216 36 
 34	246	2	238 8 
 35	252	2	59 193 
 36	252	2	127 125 
 37	252	2	90 162 
 38	252	2	192 60 
 39	252	2	199 53 
 40	252	2	214 38 
 41	246	2	153 93 
 42	252	2	208 44 
 43	252	2	72 180 
 44	252	2	127 125 
 45	252	2	198 54 
 46	252	2	144 108 
 47	252	2	249 3 
 48	252	2	228 24 
 49	252	2	231 21 
 50	252	2	242 10 
 51	252	2	43 209 
 52	252	2	226 26 
 53	252	2	26 226 
 54	252	2	161 91 
 55	246	2	82 164 
 56	252	2	162 90 
 57	252	2	85 167 
 58	252	2	53 199 
 59	252	2	171 81 
 60	252	2	224 28 
 61	252	2	52 200 
 62	252	2	214 38 
 63	250	2	102 148 
 64	252	2	165 87 
 65	252	2	181 71 
 66	252	2	213 39 
 67	252	2	201 51 
 68	252	2	72 180 
 69	252	2	151 101 
 70	252	2	38 214 
 71	250	2	189 61 
 72	252	2	102 150 
 73	252	2	37 215 
 74	252	2	116 136 
 75	248	2	92 156 
 76	236	2	101 135 
 77	252	2	62 190 
 78	252	2	72 180 
 79	252	2	130 122 
 80	252	2	224 28 
 81	252	2	40 212 
 82	250	2	68 182 
 83	250	2	238 12 
 84	250	2	242 8 
 85	252	2	191 61 
 86	250	2	198 52 
 87	252	2	161 91 
 88	252	2	63 189 
 89	252	2	102 150 
 90	252	2	89 163 
 91	250	2	197 53 
 92	252	2	25 227 
 93	252	2	137 115 
 94	248	2	236 12 
 95	252	2	249 3 
 96	252	2	87 165 
 97	252	2	19 233 
 98	250	2	240 10 
 99	252	2	81 171 
 100	252	2	210 42 
 101	252	2	203 49 
 102	248	2	156 92 
 103	234	2	28 206 
 104	248	2	10 238 
 105	252	2	88 164 
 106	252	2	201 51 
 107	252	2	30 222 
 108	252	2	226 26 
 109	252	2	150 102 
 110	252	2	27 225 
 111	252	2	230 22 
 112	252	2	15 237 
 113	248	2	118 130 
 114	252	2	200 52 
 115	252	2	38 214 
 116	252	2	235 17 
 117	252	2	9 243 
 118	250	2	219 31 
 119	252	2	215 37 
 120	252	2	244 8 
 121	252	2	198 54 
 122	252	2	6 246 
 123	252	2	44 208 
 124	252	2	227 25 
 125	252	2	6 246 
 126	250	2	156 94 
 127	252	2	228 24 
 128	252	2	11 241 
 129	252	2	228 24 
 130	244	2	99 145 
 131	252	2	155 97 
 132	252	2	207 45 
 133	252	2	34 218 
 134	252	2	249 3 
 135	252	2	242 10 
 136	252	2	207 45 
 137	252	2	222 30 
 138	252	2	26 226 
 139	252	2	183 69 
 140	252	2	2 250 
 141	252	2	229 23 
 142	252	2	22 230 
 143	252	2	210 42 
 144	252	2	57 195 
 145	252	2	24 228 
 146	252	2	173 79 
 147	250	2	19 231 
 148	252	2	69 183 
 149	252	2	185 67 
 150	252	2	120 132 
 151	252	2	47 205 

[pop]=14
 1	276	2	252 24 
 2	276	2	145 131 
 3	276	2	230 46 
 4	276	2	191 85 
 5	274	2	31 243 
 6	276	2	80 196 
 7	276	2	42 234 
 8	276	2	159 117 
 9	276	2	47 229 
 10	276	2	25 251 
 11	274	2	215 59 
 12	276	2	28 248 
 13	276	2	185 91 
 14	276	2	227 49 
 15	274	2	125 149 
 16	276	2	42 234 
 17	276	2	241 35 
 18	274	2	125 149 
 19	274	2	226 48 
 20	276	2	168 108 
 21	276	2	253 23 
 22	270	2	115 155 
 23	276	2	61 215 
 24	276	2	157 119 
 25	276	2	159 117 
 26	274	2	131 143 
 27	276	2	106 170 
 28	276	2	173 103 
 29	276	2	62 214 
 30	276	2	150 126 
 31	276	2	75 201 
 32	274	2	138 136 
 33	276	2	250 26 
 34	266	2	259 7 
 35	276	2	49 227 
 36	276	2	137 139 
 37	276	2	104 172 
 38	276	2	214 62 
 39	276	2	203 73 
 40	274	2	247 27 
 41	270	2	202 68 
 42	276	2	245 31 
 43	276	2	48 228 
 44	276	2	121 155 
 45	270	2	201 69 
 46	274	2	164 110 
 47	276	2	274 2 
 48	270	2	256 14 
 49	276	2	251 25 
 50	270	2	244 26 
 51	276	2	48 228 
 52	270	2	242 28 
 53	276	2	15 261 
 54	276	2	170 106 
 55	272	2	89 183 
 56	276	2	185 91 
 57	276	2	90 186 
 58	276	2	84 192 
 59	276	2	200 76 
 60	276	2	236 40 
 61	274	2	86 188 
 62	276	2	250 26 
 63	276	2	114 162 
 64	274	2	159 115 
 65	276	2	191 85 
 66	276	2	223 53 
 67	276	2	215 61 
 68	276	2	97 179 
 69	276	2	148 128 
 70	276	2	51 225 
 71	274	2	188 86 
 72	276	2	113 163 
 73	276	2	56 220 
 74	276	2	112 164 
 75	274	2	120 154 
 76	270	2	120 150 
 77	274	2	71 203 
 78	276	2	65 211 
 79	276	2	133 143 
 80	274	2	232 42 
 81	276	2	35 241 
 82	276	2	98 178 
 83	276	2	271 5 
 84	272	2	245 27 
 85	274	2	225 49 
 86	274	2	229 45 
 87	276	2	184 92 
 88	274	2	36 238 
 89	276	2	111 165 
 90	276	2	97 179 
 91	266	2	209 57 
 92	276	2	23 253 
 93	272	2	141 131 
 94	274	2	256 18 
 95	274	2	261 13 
 96	276	2	105 171 
 97	276	2	20 256 
 98	276	2	272 4 
 99	276	2	73 203 
 100	274	2	231 43 
 101	276	2	225 51 
 102	276	2	188 88 
 103	270	2	22 248 
 104	276	2	13 263 
 105	274	2	101 173 
 106	276	2	237 39 
 107	276	2	30 246 
 108	276	2	243 33 
 109	276	2	156 120 
 110	276	2	24 252 
 111	276	2	251 25 
 112	276	2	26 250 
 113	276	2	148 128 
 114	274	2	209 65 
 115	276	2	33 243 
 116	270	2	250 20 
 117	276	2	16 260 
 118	274	2	228 46 
 119	274	2	236 38 
 120	276	2	263 13 
 121	274	2	229 45 
 122	276	2	6 270 
 123	266	2	51 215 
 124	274	2	242 32 
 125	276	2	8 268 
 126	276	2	184 92 
 127	276	2	265 11 
 128	276	2	14 262 
 129	276	2	243 33 
 130	264	2	114 150 
 131	276	2	163 113 
 132	276	2	235 41 
 133	276	2	38 238 
 134	276	2	260 16 
 135	276	2	256 20 
 136	276	2	218 58 
 137	276	2	212 64 
 138	276	2	43 233 
 139	276	2	196 80 
 140	276	2	1 275 
 141	276	2	248 28 
 142	274	2	37 237 
 143	276	2	238 38 
 144	276	2	69 207 
 145	276	2	23 253 
 146	276	2	213 63 
 147	276	2	29 247 
 148	276	2	76 200 
 149	276	2	190 86 
 150	276	2	131 145 
 151	276	2	38 238 


