[loci]=151

[populations]=22

[pop]=1
 1	98	2	87 11 
 2	98	2	59 39 
 3	98	2	76 22 
 4	98	2	56 42 
 5	98	2	5 93 
 6	98	2	25 73 
 7	98	2	5 93 
 8	98	2	53 45 
 9	98	2	3 95 
 10	98	2	6 92 
 11	98	2	73 25 
 12	98	2	4 94 
 13	98	2	75 23 
 14	98	2	84 14 
 15	98	2	49 49 
 16	98	2	14 84 
 17	98	2	83 15 
 18	98	2	53 45 
 19	98	2	79 19 
 20	98	2	66 32 
 21	96	2	93 3 
 22	96	2	42 54 
 23	98	2	31 67 
 24	98	2	45 53 
 25	98	2	55 43 
 26	98	2	43 55 
 27	98	2	45 53 
 28	98	2	58 40 
 29	98	2	18 80 
 30	98	2	50 48 
 31	98	2	35 63 
 32	98	2	25 73 
 33	98	2	84 14 
 34	98	2	89 9 
 35	98	2	22 76 
 36	98	2	36 62 
 37	98	2	40 58 
 38	98	2	86 12 
 39	98	2	76 22 
 40	98	2	85 13 
 41	98	2	60 38 
 42	98	2	83 15 
 43	96	2	25 71 
 44	94	2	45 49 
 45	98	2	66 32 
 46	98	2	51 47 
 47	98	2	95 3 
 48	98	2	95 3 
 49	98	2	91 7 
 50	98	2	91 7 
 51	98	2	14 84 
 52	98	2	79 19 
 53	98	2	3 95 
 54	98	2	59 39 
 55	98	2	32 66 
 56	98	2	60 38 
 57	98	2	37 61 
 58	98	2	18 80 
 59	98	2	83 15 
 60	98	2	95 3 
 61	98	2	36 62 
 62	98	2	92 6 
 63	98	2	52 46 
 64	98	2	55 43 
 65	98	2	78 20 
 66	98	2	85 13 
 67	98	2	76 22 
 68	98	2	32 66 
 69	98	2	67 31 
 70	98	2	10 88 
 71	96	2	55 41 
 72	98	2	44 54 
 73	98	2	12 86 
 74	98	2	49 49 
 75	98	2	32 66 
 76	98	2	42 56 
 77	98	2	35 63 
 78	98	2	32 66 
 79	98	2	54 44 
 80	96	2	83 13 
 81	96	2	8 88 
 82	98	2	44 54 
 83	98	2	97 1 
 84	98	2	92 6 
 85	98	2	86 12 
 86	98	2	81 17 
 87	96	2	60 36 
 88	98	2	10 88 
 89	98	2	35 63 
 90	98	2	32 66 
 91	98	2	71 27 
 92	98	2	7 91 
 93	98	2	48 50 
 94	98	2	96 2 
 95	92	2	90 2 
 96	98	2	21 77 
 97	96	2	10 86 
 98	96	2	96 0 
 99	98	2	39 59 
 100	98	2	78 20 
 101	98	2	78 20 
 102	98	2	75 23 
 103	98	2	15 83 
 104	98	2	9 89 
 105	98	2	56 42 
 106	98	2	84 14 
 107	98	2	9 89 
 108	98	2	73 25 
 109	98	2	45 53 
 110	98	2	10 88 
 111	98	2	90 8 
 112	98	2	4 94 
 113	98	2	56 42 
 114	98	2	68 30 
 115	98	2	10 88 
 116	98	2	85 13 
 117	98	2	0 98 
 118	98	2	82 16 
 119	98	2	83 15 
 120	96	2	95 1 
 121	98	2	84 14 
 122	98	2	0 98 
 123	94	2	12 82 
 124	98	2	86 12 
 125	98	2	0 98 
 126	98	2	66 32 
 127	96	2	96 0 
 128	98	2	9 89 
 129	98	2	88 10 
 130	96	2	44 52 
 131	98	2	73 25 
 132	98	2	83 15 
 133	98	2	4 94 
 134	98	2	94 4 
 135	98	2	72 26 
 136	98	2	81 17 
 137	98	2	88 10 
 138	98	2	15 83 
 139	98	2	72 26 
 140	98	2	1 97 
 141	98	2	92 6 
 142	98	2	10 88 
 143	98	2	92 6 
 144	96	2	23 73 
 145	98	2	10 88 
 146	98	2	77 21 
 147	96	2	17 79 
 148	98	2	36 62 
 149	98	2	56 42 
 150	96	2	54 42 
 151	98	2	15 83 

[pop]=2
 1	76	2	72 4 
 2	76	2	24 52 
 3	76	2	60 16 
 4	76	2	60 16 
 5	76	2	7 69 
 6	76	2	28 48 
 7	76	2	12 64 
 8	76	2	20 56 
 9	76	2	1 75 
 10	76	2	1 75 
 11	76	2	62 14 
 12	76	2	2 74 
 13	76	2	35 41 
 14	76	2	68 8 
 15	76	2	40 36 
 16	76	2	9 67 
 17	76	2	67 9 
 18	76	2	39 37 
 19	76	2	48 28 
 20	76	2	25 51 
 21	76	2	76 0 
 22	76	2	15 61 
 23	76	2	34 42 
 24	74	2	43 31 
 25	76	2	32 44 
 26	76	2	41 35 
 27	76	2	34 42 
 28	74	2	45 29 
 29	76	2	17 59 
 30	76	2	28 48 
 31	76	2	14 62 
 32	74	2	33 41 
 33	76	2	43 33 
 34	76	2	72 4 
 35	76	2	13 63 
 36	76	2	35 41 
 37	76	2	40 36 
 38	76	2	69 7 
 39	76	2	65 11 
 40	76	2	74 2 
 41	74	2	38 36 
 42	74	2	63 11 
 43	76	2	2 74 
 44	74	2	27 47 
 45	76	2	70 6 
 46	76	2	53 23 
 47	76	2	76 0 
 48	76	2	68 8 
 49	76	2	69 7 
 50	76	2	76 0 
 51	76	2	6 70 
 52	76	2	55 21 
 53	76	2	9 67 
 54	74	2	40 34 
 55	74	2	23 51 
 56	76	2	55 21 
 57	76	2	49 27 
 58	76	2	33 43 
 59	72	2	50 22 
 60	76	2	67 9 
 61	76	2	4 72 
 62	76	2	73 3 
 63	76	2	20 56 
 64	76	2	53 23 
 65	76	2	57 19 
 66	76	2	55 21 
 67	76	2	59 17 
 68	76	2	8 68 
 69	76	2	53 23 
 70	76	2	17 59 
 71	76	2	42 34 
 72	76	2	45 31 
 73	76	2	8 68 
 74	76	2	11 65 
 75	76	2	41 35 
 76	74	2	36 38 
 77	76	2	11 65 
 78	76	2	16 60 
 79	76	2	55 21 
 80	76	2	67 9 
 81	76	2	21 55 
 82	72	2	27 45 
 83	76	2	76 0 
 84	76	2	73 3 
 85	74	2	61 13 
 86	76	2	69 7 
 87	76	2	67 9 
 88	66	2	6 60 
 89	76	2	40 36 
 90	76	2	24 52 
 91	76	2	57 19 
 92	76	2	18 58 
 93	76	2	45 31 
 94	76	2	76 0 
 95	76	2	71 5 
 96	76	2	34 42 
 97	76	2	22 54 
 98	76	2	74 2 
 99	76	2	12 64 
 100	76	2	76 0 
 101	76	2	64 12 
 102	74	2	55 19 
 103	76	2	6 70 
 104	76	2	0 76 
 105	76	2	48 28 
 106	76	2	71 5 
 107	76	2	1 75 
 108	76	2	69 7 
 109	76	2	28 48 
 110	76	2	9 67 
 111	76	2	73 3 
 112	74	2	0 74 
 113	76	2	25 51 
 114	76	2	68 8 
 115	74	2	32 42 
 116	76	2	64 12 
 117	76	2	11 65 
 118	76	2	74 2 
 119	76	2	74 2 
 120	76	2	76 0 
 121	76	2	60 16 
 122	76	2	0 76 
 123	70	2	11 59 
 124	76	2	75 1 
 125	76	2	0 76 
 126	76	2	61 15 
 127	76	2	76 0 
 128	76	2	4 72 
 129	70	2	61 9 
 130	76	2	38 38 
 131	76	2	59 17 
 132	76	2	75 1 
 133	76	2	15 61 
 134	76	2	73 3 
 135	74	2	69 5 
 136	76	2	50 26 
 137	76	2	43 33 
 138	76	2	11 65 
 139	76	2	49 27 
 140	76	2	0 76 
 141	76	2	70 6 
 142	76	2	9 67 
 143	76	2	76 0 
 144	76	2	26 50 
 145	76	2	20 56 
 146	76	2	52 24 
 147	76	2	5 71 
 148	76	2	6 70 
 149	76	2	69 7 
 150	76	2	52 24 
 151	76	2	3 73 

[pop]=3
 1	76	2	62 14 
 2	76	2	35 41 
 3	76	2	58 18 
 4	76	2	50 26 
 5	76	2	13 63 
 6	76	2	32 44 
 7	76	2	16 60 
 8	76	2	17 59 
 9	76	2	0 76 
 10	76	2	1 75 
 11	76	2	66 10 
 12	76	2	2 74 
 13	76	2	38 38 
 14	76	2	72 4 
 15	76	2	37 39 
 16	76	2	10 66 
 17	76	2	63 13 
 18	76	2	31 45 
 19	76	2	54 22 
 20	76	2	39 37 
 21	76	2	76 0 
 22	76	2	17 59 
 23	76	2	38 38 
 24	76	2	49 27 
 25	76	2	36 40 
 26	76	2	41 35 
 27	76	2	22 54 
 28	74	2	45 29 
 29	76	2	16 60 
 30	76	2	39 37 
 31	76	2	6 70 
 32	76	2	27 49 
 33	76	2	51 25 
 34	76	2	75 1 
 35	74	2	11 63 
 36	76	2	34 42 
 37	76	2	43 33 
 38	76	2	69 7 
 39	76	2	65 11 
 40	76	2	70 6 
 41	76	2	41 35 
 42	76	2	64 12 
 43	76	2	1 75 
 44	76	2	39 37 
 45	74	2	73 1 
 46	76	2	62 14 
 47	76	2	76 0 
 48	76	2	66 10 
 49	76	2	55 21 
 50	76	2	76 0 
 51	76	2	8 68 
 52	76	2	64 12 
 53	76	2	3 73 
 54	76	2	37 39 
 55	76	2	31 45 
 56	76	2	43 33 
 57	76	2	36 40 
 58	76	2	46 30 
 59	76	2	51 25 
 60	76	2	71 5 
 61	76	2	9 67 
 62	76	2	73 3 
 63	76	2	42 34 
 64	76	2	49 27 
 65	76	2	58 18 
 66	76	2	54 22 
 67	76	2	54 22 
 68	76	2	12 64 
 69	76	2	69 7 
 70	76	2	10 66 
 71	76	2	38 38 
 72	76	2	38 38 
 73	76	2	11 65 
 74	76	2	17 59 
 75	76	2	21 55 
 76	76	2	50 26 
 77	76	2	11 65 
 78	76	2	25 51 
 79	76	2	61 15 
 80	76	2	72 4 
 81	76	2	9 67 
 82	76	2	31 45 
 83	76	2	76 0 
 84	76	2	76 0 
 85	68	2	55 13 
 86	76	2	68 8 
 87	76	2	74 2 
 88	76	2	12 64 
 89	76	2	49 27 
 90	76	2	28 48 
 91	76	2	49 27 
 92	76	2	21 55 
 93	76	2	43 33 
 94	76	2	76 0 
 95	76	2	75 1 
 96	76	2	20 56 
 97	76	2	27 49 
 98	76	2	75 1 
 99	76	2	17 59 
 100	76	2	74 2 
 101	76	2	57 19 
 102	76	2	59 17 
 103	74	2	13 61 
 104	76	2	0 76 
 105	76	2	55 21 
 106	76	2	62 14 
 107	76	2	5 71 
 108	76	2	60 16 
 109	76	2	16 60 
 110	76	2	5 71 
 111	76	2	71 5 
 112	76	2	0 76 
 113	76	2	19 57 
 114	76	2	70 6 
 115	76	2	34 42 
 116	76	2	68 8 
 117	76	2	11 65 
 118	76	2	73 3 
 119	76	2	72 4 
 120	76	2	76 0 
 121	76	2	59 17 
 122	76	2	0 76 
 123	68	2	11 57 
 124	76	2	75 1 
 125	76	2	0 76 
 126	76	2	65 11 
 127	76	2	76 0 
 128	76	2	2 74 
 129	76	2	69 7 
 130	72	2	37 35 
 131	76	2	57 19 
 132	76	2	67 9 
 133	76	2	14 62 
 134	76	2	76 0 
 135	76	2	67 9 
 136	76	2	45 31 
 137	76	2	53 23 
 138	76	2	14 62 
 139	76	2	48 28 
 140	76	2	0 76 
 141	76	2	75 1 
 142	76	2	14 62 
 143	76	2	76 0 
 144	76	2	41 35 
 145	76	2	15 61 
 146	76	2	47 29 
 147	76	2	7 69 
 148	76	2	6 70 
 149	76	2	69 7 
 150	76	2	59 17 
 151	76	2	3 73 

[pop]=4
 1	88	2	81 7 
 2	88	2	36 52 
 3	88	2	68 20 
 4	88	2	50 38 
 5	88	2	13 75 
 6	88	2	40 48 
 7	80	2	8 72 
 8	88	2	38 50 
 9	86	2	5 81 
 10	88	2	7 81 
 11	88	2	68 20 
 12	88	2	7 81 
 13	84	2	33 51 
 14	88	2	71 17 
 15	88	2	48 40 
 16	88	2	14 74 
 17	88	2	83 5 
 18	80	2	37 43 
 19	88	2	65 23 
 20	88	2	48 40 
 21	88	2	88 0 
 22	86	2	21 65 
 23	88	2	29 59 
 24	88	2	51 37 
 25	88	2	53 35 
 26	88	2	45 43 
 27	88	2	28 60 
 28	88	2	46 42 
 29	88	2	18 70 
 30	88	2	30 58 
 31	88	2	20 68 
 32	88	2	29 59 
 33	88	2	60 28 
 34	88	2	84 4 
 35	88	2	16 72 
 36	88	2	49 39 
 37	88	2	36 52 
 38	88	2	82 6 
 39	88	2	70 18 
 40	88	2	85 3 
 41	88	2	44 44 
 42	88	2	74 14 
 43	88	2	0 88 
 44	86	2	35 51 
 45	88	2	82 6 
 46	88	2	52 36 
 47	88	2	88 0 
 48	88	2	80 8 
 49	88	2	78 10 
 50	88	2	87 1 
 51	88	2	19 69 
 52	88	2	64 24 
 53	88	2	8 80 
 54	88	2	43 45 
 55	88	2	27 61 
 56	88	2	67 21 
 57	88	2	65 23 
 58	88	2	32 56 
 59	88	2	58 30 
 60	88	2	76 12 
 61	88	2	5 83 
 62	86	2	78 8 
 63	88	2	19 69 
 64	88	2	61 27 
 65	88	2	66 22 
 66	88	2	77 11 
 67	84	2	75 9 
 68	88	2	13 75 
 69	88	2	47 41 
 70	88	2	23 65 
 71	88	2	39 49 
 72	88	2	37 51 
 73	88	2	18 70 
 74	88	2	18 70 
 75	88	2	36 52 
 76	88	2	50 38 
 77	88	2	22 66 
 78	88	2	30 58 
 79	88	2	63 25 
 80	86	2	75 11 
 81	88	2	10 78 
 82	86	2	43 43 
 83	88	2	88 0 
 84	86	2	86 0 
 85	88	2	63 25 
 86	88	2	73 15 
 87	88	2	84 4 
 88	84	2	9 75 
 89	88	2	45 43 
 90	88	2	28 60 
 91	86	2	59 27 
 92	88	2	30 58 
 93	88	2	62 26 
 94	88	2	88 0 
 95	88	2	84 4 
 96	88	2	29 59 
 97	88	2	27 61 
 98	88	2	87 1 
 99	88	2	16 72 
 100	88	2	84 4 
 101	88	2	81 7 
 102	88	2	62 26 
 103	88	2	9 79 
 104	88	2	0 88 
 105	88	2	51 37 
 106	88	2	80 8 
 107	88	2	3 85 
 108	88	2	77 11 
 109	88	2	28 60 
 110	88	2	6 82 
 111	88	2	87 1 
 112	88	2	0 88 
 113	88	2	35 53 
 114	88	2	80 8 
 115	88	2	28 60 
 116	88	2	74 14 
 117	88	2	22 66 
 118	88	2	80 8 
 119	88	2	76 12 
 120	88	2	88 0 
 121	88	2	71 17 
 122	88	2	0 88 
 123	82	2	7 75 
 124	88	2	85 3 
 125	88	2	0 88 
 126	86	2	70 16 
 127	86	2	86 0 
 128	88	2	3 85 
 129	84	2	75 9 
 130	84	2	20 64 
 131	88	2	53 35 
 132	88	2	75 13 
 133	88	2	22 66 
 134	88	2	86 2 
 135	88	2	83 5 
 136	86	2	65 21 
 137	88	2	38 50 
 138	88	2	25 63 
 139	88	2	64 24 
 140	88	2	0 88 
 141	88	2	83 5 
 142	88	2	18 70 
 143	88	2	86 2 
 144	88	2	26 62 
 145	88	2	14 74 
 146	88	2	60 28 
 147	88	2	3 85 
 148	88	2	9 79 
 149	88	2	79 9 
 150	88	2	69 19 
 151	88	2	0 88 

[pop]=5
 1	94	2	84 10 
 2	94	2	30 64 
 3	94	2	52 42 
 4	94	2	73 21 
 5	94	2	8 86 
 6	94	2	44 50 
 7	94	2	9 85 
 8	94	2	35 59 
 9	94	2	0 94 
 10	94	2	4 90 
 11	94	2	63 31 
 12	94	2	11 83 
 13	94	2	48 46 
 14	94	2	84 10 
 15	92	2	45 47 
 16	94	2	8 86 
 17	94	2	78 16 
 18	94	2	64 30 
 19	94	2	72 22 
 20	94	2	44 50 
 21	94	2	94 0 
 22	94	2	23 71 
 23	94	2	34 60 
 24	94	2	48 46 
 25	94	2	38 56 
 26	94	2	56 38 
 27	94	2	37 57 
 28	90	2	68 22 
 29	94	2	24 70 
 30	94	2	30 64 
 31	94	2	12 82 
 32	94	2	38 56 
 33	94	2	53 41 
 34	94	2	92 2 
 35	94	2	20 74 
 36	94	2	55 39 
 37	94	2	40 54 
 38	94	2	75 19 
 39	94	2	72 22 
 40	94	2	93 1 
 41	94	2	43 51 
 42	94	2	88 6 
 43	94	2	3 91 
 44	94	2	39 55 
 45	90	2	80 10 
 46	94	2	67 27 
 47	94	2	94 0 
 48	94	2	76 18 
 49	94	2	79 15 
 50	94	2	89 5 
 51	94	2	12 82 
 52	94	2	80 14 
 53	94	2	12 82 
 54	94	2	45 49 
 55	94	2	41 53 
 56	94	2	66 28 
 57	94	2	53 41 
 58	94	2	50 44 
 59	94	2	61 33 
 60	94	2	92 2 
 61	94	2	8 86 
 62	94	2	89 5 
 63	94	2	34 60 
 64	94	2	58 36 
 65	94	2	67 27 
 66	94	2	66 28 
 67	94	2	79 15 
 68	94	2	12 82 
 69	94	2	64 30 
 70	94	2	26 68 
 71	90	2	52 38 
 72	94	2	34 60 
 73	94	2	8 86 
 74	94	2	25 69 
 75	94	2	45 49 
 76	94	2	65 29 
 77	94	2	17 77 
 78	94	2	22 72 
 79	94	2	69 25 
 80	94	2	92 2 
 81	94	2	20 74 
 82	90	2	39 51 
 83	94	2	94 0 
 84	94	2	92 2 
 85	92	2	77 15 
 86	94	2	72 22 
 87	94	2	89 5 
 88	82	2	16 66 
 89	94	2	57 37 
 90	94	2	34 60 
 91	94	2	74 20 
 92	94	2	43 51 
 93	94	2	59 35 
 94	94	2	94 0 
 95	94	2	92 2 
 96	94	2	22 72 
 97	94	2	18 76 
 98	94	2	94 0 
 99	94	2	16 78 
 100	94	2	86 8 
 101	94	2	72 22 
 102	94	2	63 31 
 103	94	2	22 72 
 104	94	2	0 94 
 105	94	2	46 48 
 106	94	2	75 19 
 107	94	2	2 92 
 108	94	2	78 16 
 109	94	2	33 61 
 110	94	2	17 77 
 111	94	2	93 1 
 112	94	2	0 94 
 113	94	2	32 62 
 114	94	2	83 11 
 115	94	2	23 71 
 116	94	2	84 10 
 117	94	2	16 78 
 118	94	2	91 3 
 119	94	2	89 5 
 120	94	2	94 0 
 121	94	2	71 23 
 122	92	2	0 92 
 123	80	2	10 70 
 124	94	2	92 2 
 125	94	2	0 94 
 126	94	2	85 9 
 127	94	2	94 0 
 128	94	2	4 90 
 129	88	2	76 12 
 130	94	2	44 50 
 131	94	2	60 34 
 132	94	2	92 2 
 133	94	2	16 78 
 134	94	2	89 5 
 135	94	2	85 9 
 136	94	2	78 16 
 137	94	2	62 32 
 138	94	2	18 76 
 139	94	2	64 30 
 140	94	2	0 94 
 141	94	2	92 2 
 142	94	2	37 57 
 143	94	2	94 0 
 144	94	2	48 46 
 145	94	2	7 87 
 146	94	2	66 28 
 147	94	2	7 87 
 148	94	2	9 85 
 149	94	2	84 10 
 150	94	2	77 17 
 151	94	2	0 94 

[pop]=6
 1	198	2	170 28 
 2	198	2	81 117 
 3	198	2	130 68 
 4	198	2	138 60 
 5	198	2	24 174 
 6	198	2	101 97 
 7	198	2	38 160 
 8	198	2	72 126 
 9	198	2	3 195 
 10	196	2	6 190 
 11	198	2	142 56 
 12	198	2	17 181 
 13	196	2	101 95 
 14	198	2	170 28 
 15	196	2	73 123 
 16	198	2	24 174 
 17	198	2	173 25 
 18	198	2	106 92 
 19	198	2	134 64 
 20	196	2	80 116 
 21	198	2	197 1 
 22	196	2	50 146 
 23	198	2	69 129 
 24	198	2	119 79 
 25	198	2	100 98 
 26	198	2	107 91 
 27	198	2	62 136 
 28	198	2	95 103 
 29	198	2	55 143 
 30	198	2	83 115 
 31	198	2	29 169 
 32	198	2	73 125 
 33	198	2	142 56 
 34	198	2	180 18 
 35	196	2	26 170 
 36	198	2	109 89 
 37	198	2	111 87 
 38	198	2	166 32 
 39	198	2	177 21 
 40	198	2	192 6 
 41	198	2	102 96 
 42	198	2	173 25 
 43	198	2	10 188 
 44	196	2	67 129 
 45	198	2	177 21 
 46	198	2	117 81 
 47	198	2	198 0 
 48	198	2	170 28 
 49	198	2	157 41 
 50	198	2	195 3 
 51	196	2	18 178 
 52	198	2	164 34 
 53	198	2	10 188 
 54	198	2	101 97 
 55	196	2	62 134 
 56	198	2	131 67 
 57	198	2	117 81 
 58	198	2	88 110 
 59	198	2	134 64 
 60	198	2	181 17 
 61	198	2	13 185 
 62	198	2	188 10 
 63	198	2	74 124 
 64	198	2	115 83 
 65	198	2	150 48 
 66	198	2	155 43 
 67	198	2	164 34 
 68	198	2	30 168 
 69	198	2	153 45 
 70	198	2	25 173 
 71	196	2	101 95 
 72	198	2	85 113 
 73	198	2	21 177 
 74	198	2	34 164 
 75	198	2	95 103 
 76	198	2	122 76 
 77	198	2	33 165 
 78	198	2	50 148 
 79	198	2	143 55 
 80	196	2	181 15 
 81	198	2	60 138 
 82	198	2	85 113 
 83	198	2	197 1 
 84	196	2	195 1 
 85	194	2	147 47 
 86	198	2	135 63 
 87	198	2	184 14 
 88	168	2	33 135 
 89	198	2	113 85 
 90	198	2	61 137 
 91	198	2	133 65 
 92	192	2	66 126 
 93	198	2	124 74 
 94	198	2	198 0 
 95	194	2	187 7 
 96	198	2	71 127 
 97	198	2	54 144 
 98	198	2	198 0 
 99	198	2	35 163 
 100	198	2	195 3 
 101	198	2	163 35 
 102	198	2	139 59 
 103	198	2	47 151 
 104	198	2	1 197 
 105	198	2	114 84 
 106	198	2	180 18 
 107	198	2	9 189 
 108	198	2	174 24 
 109	198	2	77 121 
 110	198	2	35 163 
 111	198	2	195 3 
 112	196	2	1 195 
 113	198	2	81 117 
 114	198	2	183 15 
 115	198	2	70 128 
 116	198	2	174 24 
 117	198	2	31 167 
 118	198	2	193 5 
 119	198	2	181 17 
 120	198	2	198 0 
 121	196	2	171 25 
 122	198	2	0 198 
 123	176	2	26 150 
 124	198	2	196 2 
 125	198	2	0 198 
 126	198	2	174 24 
 127	198	2	197 1 
 128	198	2	18 180 
 129	196	2	176 20 
 130	198	2	79 119 
 131	198	2	134 64 
 132	198	2	187 11 
 133	198	2	43 155 
 134	198	2	191 7 
 135	198	2	188 10 
 136	198	2	142 56 
 137	198	2	130 68 
 138	198	2	35 163 
 139	198	2	142 56 
 140	198	2	0 198 
 141	198	2	184 14 
 142	198	2	45 153 
 143	198	2	195 3 
 144	198	2	87 111 
 145	198	2	21 177 
 146	198	2	139 59 
 147	198	2	18 180 
 148	198	2	26 172 
 149	198	2	180 18 
 150	198	2	140 58 
 151	198	2	1 197 

[pop]=7
 1	92	2	89 3 
 2	92	2	38 54 
 3	92	2	56 36 
 4	92	2	49 43 
 5	92	2	22 70 
 6	92	2	32 60 
 7	92	2	16 76 
 8	92	2	30 62 
 9	92	2	2 90 
 10	92	2	2 90 
 11	92	2	77 15 
 12	92	2	15 77 
 13	92	2	31 61 
 14	92	2	77 15 
 15	92	2	43 49 
 16	92	2	19 73 
 17	92	2	77 15 
 18	92	2	40 52 
 19	92	2	68 24 
 20	92	2	43 49 
 21	92	2	89 3 
 22	92	2	9 83 
 23	92	2	20 72 
 24	92	2	68 24 
 25	92	2	64 28 
 26	92	2	39 53 
 27	92	2	31 61 
 28	86	2	59 27 
 29	92	2	21 71 
 30	92	2	43 49 
 31	92	2	11 81 
 32	92	2	37 55 
 33	92	2	65 27 
 34	92	2	90 2 
 35	90	2	12 78 
 36	92	2	69 23 
 37	92	2	38 54 
 38	92	2	71 21 
 39	92	2	85 7 
 40	92	2	83 9 
 41	92	2	35 57 
 42	92	2	67 25 
 43	92	2	5 87 
 44	90	2	51 39 
 45	90	2	75 15 
 46	92	2	48 44 
 47	92	2	92 0 
 48	92	2	85 7 
 49	92	2	84 8 
 50	92	2	91 1 
 51	92	2	15 77 
 52	92	2	87 5 
 53	92	2	3 89 
 54	92	2	51 41 
 55	92	2	46 46 
 56	92	2	61 31 
 57	92	2	51 41 
 58	92	2	37 55 
 59	92	2	67 25 
 60	92	2	86 6 
 61	92	2	12 80 
 62	92	2	87 5 
 63	92	2	30 62 
 64	92	2	53 39 
 65	92	2	69 23 
 66	92	2	78 14 
 67	92	2	78 14 
 68	92	2	23 69 
 69	92	2	65 27 
 70	92	2	18 74 
 71	92	2	45 47 
 72	92	2	40 52 
 73	92	2	3 89 
 74	92	2	17 75 
 75	92	2	51 41 
 76	86	2	40 46 
 77	92	2	20 72 
 78	92	2	24 68 
 79	92	2	53 39 
 80	92	2	87 5 
 81	92	2	22 70 
 82	90	2	26 64 
 83	92	2	88 4 
 84	92	2	92 0 
 85	88	2	75 13 
 86	88	2	66 22 
 87	92	2	81 11 
 88	86	2	24 62 
 89	92	2	50 42 
 90	92	2	22 70 
 91	90	2	67 23 
 92	92	2	21 71 
 93	92	2	64 28 
 94	92	2	91 1 
 95	92	2	92 0 
 96	92	2	29 63 
 97	92	2	19 73 
 98	92	2	92 0 
 99	92	2	22 70 
 100	92	2	91 1 
 101	92	2	75 17 
 102	92	2	69 23 
 103	92	2	4 88 
 104	92	2	0 92 
 105	92	2	65 27 
 106	92	2	73 19 
 107	92	2	1 91 
 108	92	2	71 21 
 109	92	2	43 49 
 110	92	2	12 80 
 111	92	2	91 1 
 112	92	2	3 89 
 113	92	2	36 56 
 114	92	2	76 16 
 115	92	2	28 64 
 116	92	2	81 11 
 117	92	2	11 81 
 118	92	2	89 3 
 119	92	2	80 12 
 120	92	2	92 0 
 121	92	2	82 10 
 122	92	2	1 91 
 123	90	2	16 74 
 124	92	2	92 0 
 125	92	2	0 92 
 126	92	2	77 15 
 127	92	2	87 5 
 128	92	2	1 91 
 129	92	2	84 8 
 130	88	2	28 60 
 131	92	2	68 24 
 132	92	2	85 7 
 133	92	2	15 77 
 134	92	2	91 1 
 135	92	2	79 13 
 136	92	2	75 17 
 137	92	2	72 20 
 138	92	2	13 79 
 139	92	2	65 27 
 140	92	2	0 92 
 141	92	2	89 3 
 142	92	2	22 70 
 143	92	2	91 1 
 144	92	2	26 66 
 145	92	2	5 87 
 146	92	2	48 44 
 147	92	2	18 74 
 148	92	2	17 75 
 149	92	2	82 10 
 150	92	2	71 21 
 151	92	2	3 89 

[pop]=8
 1	118	2	112 6 
 2	118	2	62 56 
 3	118	2	97 21 
 4	118	2	75 43 
 5	116	2	21 95 
 6	118	2	46 72 
 7	118	2	25 93 
 8	118	2	30 88 
 9	118	2	1 117 
 10	118	2	10 108 
 11	118	2	93 25 
 12	118	2	15 103 
 13	118	2	59 59 
 14	118	2	98 20 
 15	118	2	60 58 
 16	118	2	26 92 
 17	118	2	96 22 
 18	118	2	39 79 
 19	112	2	86 26 
 20	118	2	50 68 
 21	118	2	116 2 
 22	118	2	17 101 
 23	118	2	53 65 
 24	118	2	68 50 
 25	118	2	72 46 
 26	118	2	66 52 
 27	118	2	47 71 
 28	112	2	56 56 
 29	118	2	42 76 
 30	118	2	38 80 
 31	118	2	34 84 
 32	118	2	31 87 
 33	118	2	71 47 
 34	118	2	102 16 
 35	118	2	13 105 
 36	118	2	63 55 
 37	118	2	46 72 
 38	118	2	88 30 
 39	118	2	83 35 
 40	118	2	117 1 
 41	118	2	79 39 
 42	118	2	99 19 
 43	118	2	6 112 
 44	116	2	58 58 
 45	116	2	107 9 
 46	118	2	82 36 
 47	118	2	118 0 
 48	118	2	103 15 
 49	118	2	90 28 
 50	118	2	118 0 
 51	118	2	16 102 
 52	118	2	93 25 
 53	118	2	12 106 
 54	118	2	54 64 
 55	118	2	36 82 
 56	118	2	104 14 
 57	118	2	58 60 
 58	118	2	44 74 
 59	118	2	78 40 
 60	118	2	99 19 
 61	118	2	25 93 
 62	118	2	114 4 
 63	118	2	44 74 
 64	118	2	78 40 
 65	118	2	90 28 
 66	118	2	108 10 
 67	118	2	101 17 
 68	118	2	23 95 
 69	118	2	87 31 
 70	118	2	24 94 
 71	118	2	52 66 
 72	116	2	43 73 
 73	118	2	10 108 
 74	118	2	46 72 
 75	118	2	68 50 
 76	116	2	72 44 
 77	118	2	36 82 
 78	118	2	47 71 
 79	118	2	86 32 
 80	118	2	111 7 
 81	112	2	33 79 
 82	112	2	52 60 
 83	118	2	118 0 
 84	118	2	115 3 
 85	118	2	99 19 
 86	118	2	95 23 
 87	118	2	109 9 
 88	110	2	21 89 
 89	118	2	52 66 
 90	118	2	45 73 
 91	118	2	90 28 
 92	118	2	35 83 
 93	118	2	78 40 
 94	118	2	118 0 
 95	118	2	109 9 
 96	118	2	47 71 
 97	118	2	23 95 
 98	118	2	116 2 
 99	118	2	20 98 
 100	118	2	114 4 
 101	118	2	99 19 
 102	118	2	94 24 
 103	118	2	19 99 
 104	118	2	0 118 
 105	118	2	69 49 
 106	118	2	109 9 
 107	118	2	7 111 
 108	118	2	82 36 
 109	116	2	41 75 
 110	118	2	5 113 
 111	118	2	118 0 
 112	118	2	0 118 
 113	118	2	34 84 
 114	118	2	111 7 
 115	118	2	39 79 
 116	118	2	102 16 
 117	118	2	4 114 
 118	118	2	115 3 
 119	118	2	100 18 
 120	118	2	118 0 
 121	118	2	98 20 
 122	118	2	0 118 
 123	112	2	25 87 
 124	118	2	117 1 
 125	118	2	0 118 
 126	118	2	98 20 
 127	118	2	118 0 
 128	118	2	5 113 
 129	114	2	109 5 
 130	118	2	51 67 
 131	118	2	74 44 
 132	118	2	113 5 
 133	116	2	36 80 
 134	118	2	109 9 
 135	118	2	101 17 
 136	118	2	81 37 
 137	116	2	88 28 
 138	118	2	25 93 
 139	118	2	79 39 
 140	118	2	1 117 
 141	118	2	118 0 
 142	118	2	32 86 
 143	118	2	118 0 
 144	118	2	49 69 
 145	118	2	32 86 
 146	118	2	80 38 
 147	118	2	5 113 
 148	118	2	17 101 
 149	118	2	83 35 
 150	118	2	68 50 
 151	118	2	0 118 

[pop]=9
 1	152	2	148 4 
 2	152	2	65 87 
 3	152	2	122 30 
 4	152	2	101 51 
 5	152	2	20 132 
 6	152	2	63 89 
 7	152	2	15 137 
 8	152	2	49 103 
 9	152	2	5 147 
 10	152	2	4 148 
 11	152	2	124 28 
 12	152	2	14 138 
 13	152	2	83 69 
 14	152	2	127 25 
 15	152	2	89 63 
 16	152	2	21 131 
 17	152	2	129 23 
 18	152	2	68 84 
 19	152	2	96 56 
 20	152	2	82 70 
 21	152	2	152 0 
 22	152	2	34 118 
 23	152	2	51 101 
 24	152	2	110 42 
 25	152	2	99 53 
 26	152	2	67 85 
 27	152	2	61 91 
 28	152	2	108 44 
 29	152	2	35 117 
 30	148	2	76 72 
 31	152	2	69 83 
 32	152	2	46 106 
 33	152	2	91 61 
 34	152	2	123 29 
 35	150	2	25 125 
 36	152	2	80 72 
 37	152	2	65 87 
 38	152	2	122 30 
 39	152	2	124 28 
 40	152	2	145 7 
 41	152	2	88 64 
 42	152	2	130 22 
 43	152	2	11 141 
 44	150	2	47 103 
 45	152	2	139 13 
 46	152	2	67 85 
 47	152	2	152 0 
 48	152	2	127 25 
 49	152	2	109 43 
 50	152	2	148 4 
 51	152	2	12 140 
 52	152	2	142 10 
 53	152	2	1 151 
 54	152	2	62 90 
 55	152	2	43 109 
 56	152	2	120 32 
 57	152	2	85 67 
 58	152	2	79 73 
 59	152	2	103 49 
 60	152	2	146 6 
 61	152	2	17 135 
 62	152	2	140 12 
 63	152	2	56 96 
 64	152	2	115 37 
 65	152	2	94 58 
 66	152	2	117 35 
 67	152	2	119 33 
 68	152	2	16 136 
 69	152	2	109 43 
 70	152	2	24 128 
 71	152	2	84 68 
 72	152	2	79 73 
 73	152	2	9 143 
 74	152	2	47 105 
 75	152	2	82 70 
 76	152	2	79 73 
 77	152	2	24 128 
 78	152	2	63 89 
 79	152	2	93 59 
 80	150	2	144 6 
 81	152	2	25 127 
 82	152	2	71 81 
 83	152	2	152 0 
 84	146	2	139 7 
 85	150	2	136 14 
 86	152	2	139 13 
 87	152	2	129 23 
 88	120	2	39 81 
 89	152	2	80 72 
 90	152	2	47 105 
 91	152	2	88 64 
 92	152	2	40 112 
 93	152	2	107 45 
 94	152	2	152 0 
 95	152	2	144 8 
 96	152	2	49 103 
 97	152	2	29 123 
 98	152	2	146 6 
 99	152	2	27 125 
 100	152	2	143 9 
 101	152	2	127 25 
 102	152	2	118 34 
 103	152	2	41 111 
 104	152	2	0 152 
 105	152	2	93 59 
 106	152	2	130 22 
 107	152	2	7 145 
 108	152	2	137 15 
 109	152	2	37 115 
 110	152	2	30 122 
 111	152	2	151 1 
 112	152	2	2 150 
 113	152	2	43 109 
 114	150	2	143 7 
 115	152	2	69 83 
 116	152	2	117 35 
 117	152	2	14 138 
 118	148	2	143 5 
 119	152	2	99 53 
 120	152	2	151 1 
 121	152	2	126 26 
 122	152	2	0 152 
 123	138	2	22 116 
 124	152	2	151 1 
 125	152	2	0 152 
 126	152	2	125 27 
 127	152	2	152 0 
 128	152	2	20 132 
 129	152	2	131 21 
 130	152	2	65 87 
 131	152	2	101 51 
 132	152	2	139 13 
 133	152	2	24 128 
 134	152	2	145 7 
 135	152	2	132 20 
 136	152	2	95 57 
 137	152	2	99 53 
 138	152	2	25 127 
 139	152	2	105 47 
 140	152	2	0 152 
 141	152	2	152 0 
 142	152	2	49 103 
 143	152	2	152 0 
 144	152	2	59 93 
 145	152	2	24 128 
 146	152	2	90 62 
 147	152	2	9 143 
 148	152	2	21 131 
 149	152	2	136 16 
 150	152	2	81 71 
 151	152	2	0 152 

[pop]=10
 1	70	2	66 4 
 2	70	2	38 32 
 3	70	2	41 29 
 4	70	2	50 20 
 5	70	2	9 61 
 6	70	2	39 31 
 7	70	2	17 53 
 8	70	2	18 52 
 9	70	2	1 69 
 10	70	2	4 66 
 11	68	2	48 20 
 12	70	2	2 68 
 13	64	2	42 22 
 14	70	2	67 3 
 15	70	2	43 27 
 16	70	2	16 54 
 17	70	2	56 14 
 18	70	2	33 37 
 19	70	2	47 23 
 20	70	2	42 28 
 21	70	2	68 2 
 22	70	2	12 58 
 23	70	2	15 55 
 24	70	2	42 28 
 25	70	2	42 28 
 26	70	2	35 35 
 27	70	2	29 41 
 28	70	2	39 31 
 29	70	2	23 47 
 30	70	2	25 45 
 31	70	2	13 57 
 32	70	2	18 52 
 33	70	2	34 36 
 34	70	2	63 7 
 35	70	2	15 55 
 36	66	2	44 22 
 37	70	2	32 38 
 38	70	2	54 16 
 39	70	2	53 17 
 40	70	2	62 8 
 41	70	2	37 33 
 42	70	2	61 9 
 43	70	2	2 68 
 44	66	2	23 43 
 45	70	2	61 9 
 46	70	2	44 26 
 47	70	2	70 0 
 48	70	2	58 12 
 49	70	2	52 18 
 50	70	2	70 0 
 51	70	2	10 60 
 52	70	2	58 12 
 53	70	2	2 68 
 54	70	2	37 33 
 55	70	2	14 56 
 56	70	2	54 16 
 57	70	2	38 32 
 58	70	2	22 48 
 59	70	2	44 26 
 60	70	2	64 6 
 61	70	2	7 63 
 62	70	2	57 13 
 63	70	2	29 41 
 64	70	2	48 22 
 65	70	2	39 31 
 66	70	2	62 8 
 67	64	2	50 14 
 68	68	2	12 56 
 69	70	2	59 11 
 70	70	2	10 60 
 71	70	2	30 40 
 72	70	2	31 39 
 73	70	2	4 66 
 74	70	2	14 56 
 75	70	2	35 35 
 76	70	2	44 26 
 77	70	2	9 61 
 78	70	2	19 51 
 79	70	2	46 24 
 80	70	2	68 2 
 81	70	2	19 51 
 82	70	2	42 28 
 83	70	2	70 0 
 84	70	2	68 2 
 85	68	2	51 17 
 86	70	2	58 12 
 87	70	2	62 8 
 88	70	2	15 55 
 89	70	2	44 26 
 90	70	2	20 50 
 91	70	2	54 16 
 92	70	2	25 45 
 93	70	2	40 30 
 94	70	2	70 0 
 95	70	2	69 1 
 96	70	2	32 38 
 97	70	2	16 54 
 98	70	2	69 1 
 99	70	2	12 58 
 100	70	2	69 1 
 101	70	2	53 17 
 102	68	2	60 8 
 103	70	2	16 54 
 104	70	2	0 70 
 105	70	2	43 27 
 106	70	2	60 10 
 107	70	2	1 69 
 108	70	2	65 5 
 109	70	2	31 39 
 110	68	2	11 57 
 111	70	2	69 1 
 112	70	2	0 70 
 113	70	2	14 56 
 114	70	2	60 10 
 115	70	2	21 49 
 116	70	2	53 17 
 117	70	2	19 51 
 118	68	2	66 2 
 119	70	2	63 7 
 120	68	2	68 0 
 121	70	2	53 17 
 122	70	2	0 70 
 123	56	2	20 36 
 124	70	2	69 1 
 125	70	2	0 70 
 126	70	2	53 17 
 127	70	2	70 0 
 128	70	2	5 65 
 129	70	2	52 18 
 130	68	2	30 38 
 131	70	2	42 28 
 132	70	2	65 5 
 133	70	2	14 56 
 134	70	2	61 9 
 135	70	2	66 4 
 136	70	2	49 21 
 137	70	2	50 20 
 138	70	2	22 48 
 139	70	2	37 33 
 140	70	2	1 69 
 141	70	2	70 0 
 142	70	2	21 49 
 143	70	2	70 0 
 144	70	2	24 46 
 145	70	2	17 53 
 146	70	2	45 25 
 147	70	2	1 69 
 148	70	2	9 61 
 149	70	2	60 10 
 150	70	2	58 12 
 151	70	2	1 69 

[pop]=11
 1	184	2	174 10 
 2	184	2	110 74 
 3	184	2	145 39 
 4	182	2	118 64 
 5	184	2	17 167 
 6	184	2	71 113 
 7	184	2	27 157 
 8	184	2	77 107 
 9	184	2	0 184 
 10	184	2	9 175 
 11	182	2	124 58 
 12	184	2	8 176 
 13	184	2	103 81 
 14	184	2	159 25 
 15	184	2	73 111 
 16	184	2	17 167 
 17	184	2	158 26 
 18	178	2	91 87 
 19	184	2	141 43 
 20	184	2	89 95 
 21	184	2	184 0 
 22	184	2	35 149 
 23	184	2	68 116 
 24	184	2	120 64 
 25	184	2	84 100 
 26	184	2	100 84 
 27	182	2	69 113 
 28	184	2	86 98 
 29	184	2	58 126 
 30	184	2	89 95 
 31	182	2	33 149 
 32	184	2	73 111 
 33	184	2	123 61 
 34	184	2	158 26 
 35	184	2	38 146 
 36	182	2	87 95 
 37	184	2	50 134 
 38	184	2	135 49 
 39	184	2	153 31 
 40	184	2	160 24 
 41	182	2	85 97 
 42	184	2	157 27 
 43	182	2	19 163 
 44	184	2	95 89 
 45	184	2	179 5 
 46	184	2	78 106 
 47	184	2	184 0 
 48	184	2	152 32 
 49	184	2	153 31 
 50	184	2	184 0 
 51	184	2	23 161 
 52	184	2	158 26 
 53	184	2	10 174 
 54	184	2	80 104 
 55	184	2	50 134 
 56	184	2	138 46 
 57	184	2	81 103 
 58	184	2	83 101 
 59	184	2	113 71 
 60	184	2	159 25 
 61	182	2	31 151 
 62	184	2	171 13 
 63	184	2	66 118 
 64	184	2	123 61 
 65	184	2	118 66 
 66	184	2	150 34 
 67	184	2	146 38 
 68	184	2	40 144 
 69	182	2	127 55 
 70	184	2	18 166 
 71	182	2	107 75 
 72	184	2	105 79 
 73	184	2	7 177 
 74	184	2	79 105 
 75	180	2	112 68 
 76	170	2	87 83 
 77	184	2	36 148 
 78	184	2	46 138 
 79	184	2	112 72 
 80	184	2	173 11 
 81	184	2	42 142 
 82	180	2	98 82 
 83	184	2	184 0 
 84	182	2	182 0 
 85	176	2	126 50 
 86	184	2	139 45 
 87	184	2	154 30 
 88	172	2	24 148 
 89	184	2	91 93 
 90	184	2	62 122 
 91	184	2	142 42 
 92	184	2	41 143 
 93	184	2	107 77 
 94	184	2	184 0 
 95	182	2	173 9 
 96	184	2	97 87 
 97	184	2	25 159 
 98	182	2	179 3 
 99	184	2	57 127 
 100	184	2	176 8 
 101	184	2	153 31 
 102	184	2	146 38 
 103	184	2	32 152 
 104	184	2	0 184 
 105	184	2	110 74 
 106	184	2	173 11 
 107	184	2	13 171 
 108	184	2	157 27 
 109	182	2	66 116 
 110	184	2	12 172 
 111	184	2	183 1 
 112	184	2	0 184 
 113	184	2	59 125 
 114	182	2	158 24 
 115	184	2	48 136 
 116	184	2	157 27 
 117	184	2	29 155 
 118	184	2	181 3 
 119	184	2	157 27 
 120	184	2	184 0 
 121	184	2	151 33 
 122	184	2	0 184 
 123	164	2	40 124 
 124	184	2	180 4 
 125	184	2	0 184 
 126	182	2	163 19 
 127	184	2	184 0 
 128	184	2	16 168 
 129	174	2	173 1 
 130	180	2	69 111 
 131	178	2	110 68 
 132	184	2	171 13 
 133	184	2	46 138 
 134	184	2	179 5 
 135	184	2	173 11 
 136	184	2	126 58 
 137	184	2	134 50 
 138	182	2	32 150 
 139	184	2	124 60 
 140	184	2	0 184 
 141	184	2	183 1 
 142	184	2	33 151 
 143	184	2	184 0 
 144	184	2	52 132 
 145	184	2	44 140 
 146	184	2	125 59 
 147	184	2	8 176 
 148	184	2	10 174 
 149	184	2	164 20 
 150	184	2	115 69 
 151	184	2	2 182 

[pop]=12
 1	94	2	84 10 
 2	94	2	47 47 
 3	94	2	80 14 
 4	94	2	57 37 
 5	94	2	13 81 
 6	94	2	51 43 
 7	94	2	17 77 
 8	94	2	25 69 
 9	94	2	1 93 
 10	94	2	1 93 
 11	90	2	67 23 
 12	94	2	6 88 
 13	94	2	69 25 
 14	94	2	78 16 
 15	94	2	26 68 
 16	94	2	13 81 
 17	94	2	74 20 
 18	94	2	33 61 
 19	94	2	86 8 
 20	92	2	38 54 
 21	94	2	94 0 
 22	94	2	17 77 
 23	94	2	29 65 
 24	94	2	61 33 
 25	94	2	45 49 
 26	94	2	25 69 
 27	94	2	35 59 
 28	94	2	51 43 
 29	94	2	25 69 
 30	94	2	17 77 
 31	94	2	14 80 
 32	94	2	31 63 
 33	94	2	62 32 
 34	94	2	70 24 
 35	94	2	4 90 
 36	94	2	45 49 
 37	94	2	34 60 
 38	94	2	80 14 
 39	94	2	72 22 
 40	94	2	88 6 
 41	94	2	50 44 
 42	94	2	67 27 
 43	94	2	2 92 
 44	94	2	51 43 
 45	92	2	89 3 
 46	94	2	57 37 
 47	94	2	94 0 
 48	94	2	73 21 
 49	94	2	67 27 
 50	94	2	94 0 
 51	94	2	7 87 
 52	94	2	72 22 
 53	94	2	8 86 
 54	94	2	38 56 
 55	92	2	34 58 
 56	92	2	72 20 
 57	94	2	53 41 
 58	94	2	28 66 
 59	94	2	72 22 
 60	94	2	83 11 
 61	94	2	25 69 
 62	94	2	78 16 
 63	94	2	42 52 
 64	94	2	68 26 
 65	94	2	53 41 
 66	94	2	86 8 
 67	94	2	77 17 
 68	92	2	8 84 
 69	92	2	74 18 
 70	94	2	13 81 
 71	94	2	55 39 
 72	94	2	54 40 
 73	94	2	4 90 
 74	94	2	29 65 
 75	94	2	55 39 
 76	94	2	60 34 
 77	94	2	14 80 
 78	94	2	22 72 
 79	94	2	70 24 
 80	94	2	94 0 
 81	94	2	19 75 
 82	90	2	53 37 
 83	94	2	94 0 
 84	94	2	94 0 
 85	94	2	82 12 
 86	94	2	83 11 
 87	94	2	85 9 
 88	82	2	14 68 
 89	94	2	63 31 
 90	92	2	34 58 
 91	94	2	71 23 
 92	94	2	22 72 
 93	94	2	69 25 
 94	94	2	94 0 
 95	94	2	89 5 
 96	94	2	48 46 
 97	94	2	12 82 
 98	94	2	91 3 
 99	92	2	18 74 
 100	94	2	90 4 
 101	92	2	71 21 
 102	94	2	64 30 
 103	94	2	34 60 
 104	94	2	0 94 
 105	94	2	60 34 
 106	94	2	73 21 
 107	94	2	2 92 
 108	94	2	89 5 
 109	94	2	24 70 
 110	94	2	9 85 
 111	94	2	94 0 
 112	94	2	0 94 
 113	94	2	23 71 
 114	94	2	84 10 
 115	94	2	27 67 
 116	94	2	79 15 
 117	94	2	14 80 
 118	94	2	90 4 
 119	94	2	86 8 
 120	94	2	94 0 
 121	94	2	77 17 
 122	94	2	0 94 
 123	86	2	20 66 
 124	94	2	91 3 
 125	94	2	0 94 
 126	94	2	74 20 
 127	94	2	94 0 
 128	94	2	3 91 
 129	94	2	81 13 
 130	94	2	32 62 
 131	94	2	59 35 
 132	94	2	90 4 
 133	94	2	19 75 
 134	94	2	82 12 
 135	94	2	79 15 
 136	94	2	60 34 
 137	94	2	65 29 
 138	94	2	16 78 
 139	94	2	52 42 
 140	94	2	1 93 
 141	94	2	94 0 
 142	94	2	10 84 
 143	94	2	88 6 
 144	94	2	29 65 
 145	94	2	24 70 
 146	94	2	53 41 
 147	94	2	4 90 
 148	94	2	10 84 
 149	94	2	90 4 
 150	94	2	67 27 
 151	94	2	0 94 

[pop]=13
 1	90	2	85 5 
 2	90	2	46 44 
 3	90	2	65 25 
 4	90	2	50 40 
 5	90	2	16 74 
 6	88	2	38 50 
 7	90	2	11 79 
 8	90	2	33 57 
 9	88	2	0 88 
 10	90	2	5 85 
 11	90	2	65 25 
 12	90	2	13 77 
 13	90	2	41 49 
 14	90	2	80 10 
 15	90	2	47 43 
 16	90	2	8 82 
 17	90	2	66 24 
 18	90	2	35 55 
 19	90	2	67 23 
 20	90	2	42 48 
 21	90	2	87 3 
 22	90	2	15 75 
 23	90	2	17 73 
 24	88	2	54 34 
 25	90	2	45 45 
 26	90	2	52 38 
 27	90	2	35 55 
 28	86	2	50 36 
 29	90	2	27 63 
 30	90	2	54 36 
 31	90	2	19 71 
 32	90	2	36 54 
 33	90	2	60 30 
 34	90	2	85 5 
 35	90	2	26 64 
 36	90	2	42 48 
 37	90	2	33 57 
 38	90	2	82 8 
 39	90	2	77 13 
 40	90	2	77 13 
 41	90	2	52 38 
 42	90	2	70 20 
 43	90	2	2 88 
 44	90	2	36 54 
 45	88	2	81 7 
 46	90	2	45 45 
 47	90	2	89 1 
 48	90	2	75 15 
 49	90	2	76 14 
 50	90	2	90 0 
 51	90	2	8 82 
 52	90	2	72 18 
 53	90	2	3 87 
 54	90	2	47 43 
 55	90	2	26 64 
 56	90	2	59 31 
 57	90	2	50 40 
 58	90	2	35 55 
 59	90	2	52 38 
 60	88	2	80 8 
 61	90	2	20 70 
 62	90	2	83 7 
 63	90	2	36 54 
 64	90	2	63 27 
 65	90	2	52 38 
 66	90	2	77 13 
 67	90	2	66 24 
 68	90	2	7 83 
 69	90	2	66 24 
 70	90	2	11 79 
 71	90	2	47 43 
 72	90	2	58 32 
 73	90	2	3 87 
 74	90	2	23 67 
 75	90	2	51 39 
 76	90	2	56 34 
 77	90	2	23 67 
 78	90	2	22 68 
 79	90	2	56 34 
 80	90	2	85 5 
 81	90	2	22 68 
 82	90	2	52 38 
 83	90	2	90 0 
 84	90	2	90 0 
 85	88	2	62 26 
 86	88	2	65 23 
 87	90	2	78 12 
 88	80	2	19 61 
 89	90	2	51 39 
 90	90	2	27 63 
 91	90	2	65 25 
 92	90	2	29 61 
 93	90	2	58 32 
 94	90	2	90 0 
 95	90	2	89 1 
 96	90	2	46 44 
 97	90	2	24 66 
 98	88	2	87 1 
 99	90	2	19 71 
 100	90	2	86 4 
 101	90	2	79 11 
 102	90	2	67 23 
 103	90	2	11 79 
 104	90	2	0 90 
 105	90	2	61 29 
 106	90	2	75 15 
 107	90	2	5 85 
 108	90	2	80 10 
 109	90	2	29 61 
 110	90	2	11 79 
 111	90	2	88 2 
 112	90	2	1 89 
 113	90	2	33 57 
 114	90	2	79 11 
 115	90	2	25 65 
 116	90	2	76 14 
 117	90	2	10 80 
 118	90	2	84 6 
 119	90	2	70 20 
 120	90	2	90 0 
 121	90	2	74 16 
 122	90	2	0 90 
 123	80	2	23 57 
 124	88	2	87 1 
 125	90	2	0 90 
 126	88	2	66 22 
 127	90	2	89 1 
 128	90	2	11 79 
 129	88	2	79 9 
 130	74	2	30 44 
 131	90	2	63 27 
 132	90	2	81 9 
 133	90	2	15 75 
 134	90	2	84 6 
 135	90	2	81 9 
 136	90	2	64 26 
 137	90	2	69 21 
 138	90	2	16 74 
 139	90	2	65 25 
 140	90	2	0 90 
 141	90	2	90 0 
 142	90	2	20 70 
 143	90	2	89 1 
 144	90	2	30 60 
 145	90	2	12 78 
 146	90	2	53 37 
 147	90	2	6 84 
 148	90	2	10 80 
 149	90	2	81 9 
 150	90	2	66 24 
 151	90	2	2 88 

[pop]=14
 1	94	2	94 0 
 2	94	2	40 54 
 3	94	2	72 22 
 4	94	2	57 37 
 5	94	2	19 75 
 6	94	2	31 63 
 7	94	2	20 74 
 8	94	2	44 50 
 9	94	2	0 94 
 10	94	2	5 89 
 11	94	2	77 17 
 12	94	2	14 80 
 13	94	2	50 44 
 14	94	2	84 10 
 15	94	2	44 50 
 16	94	2	7 87 
 17	94	2	78 16 
 18	92	2	42 50 
 19	94	2	75 19 
 20	94	2	50 44 
 21	94	2	93 1 
 22	94	2	21 73 
 23	94	2	16 78 
 24	94	2	59 35 
 25	94	2	42 52 
 26	94	2	54 40 
 27	94	2	35 59 
 28	92	2	39 53 
 29	94	2	28 66 
 30	94	2	48 46 
 31	94	2	18 76 
 32	94	2	31 63 
 33	94	2	71 23 
 34	94	2	89 5 
 35	94	2	14 80 
 36	94	2	44 50 
 37	94	2	44 50 
 38	94	2	72 22 
 39	94	2	67 27 
 40	94	2	91 3 
 41	94	2	41 53 
 42	94	2	70 24 
 43	94	2	11 83 
 44	88	2	41 47 
 45	94	2	87 7 
 46	94	2	52 42 
 47	94	2	94 0 
 48	94	2	83 11 
 49	94	2	71 23 
 50	94	2	92 2 
 51	94	2	12 82 
 52	94	2	82 12 
 53	94	2	4 90 
 54	94	2	65 29 
 55	94	2	19 75 
 56	94	2	57 37 
 57	94	2	46 48 
 58	94	2	32 62 
 59	94	2	61 33 
 60	94	2	88 6 
 61	94	2	20 74 
 62	94	2	82 12 
 63	94	2	24 70 
 64	94	2	64 30 
 65	94	2	68 26 
 66	94	2	79 15 
 67	94	2	77 17 
 68	94	2	17 77 
 69	94	2	64 30 
 70	94	2	18 76 
 71	94	2	53 41 
 72	94	2	48 46 
 73	94	2	5 89 
 74	94	2	32 62 
 75	94	2	49 45 
 76	92	2	40 52 
 77	94	2	8 86 
 78	94	2	23 71 
 79	94	2	39 55 
 80	94	2	88 6 
 81	94	2	10 84 
 82	94	2	34 60 
 83	94	2	94 0 
 84	94	2	93 1 
 85	90	2	74 16 
 86	94	2	72 22 
 87	94	2	79 15 
 88	90	2	21 69 
 89	94	2	48 46 
 90	94	2	42 52 
 91	94	2	76 18 
 92	94	2	20 74 
 93	94	2	64 30 
 94	94	2	94 0 
 95	92	2	89 3 
 96	94	2	39 55 
 97	94	2	22 72 
 98	94	2	92 2 
 99	94	2	24 70 
 100	94	2	92 2 
 101	94	2	81 13 
 102	94	2	76 18 
 103	94	2	13 81 
 104	94	2	0 94 
 105	94	2	55 39 
 106	94	2	86 8 
 107	94	2	7 87 
 108	94	2	84 10 
 109	94	2	33 61 
 110	94	2	4 90 
 111	92	2	87 5 
 112	94	2	0 94 
 113	94	2	30 64 
 114	94	2	83 11 
 115	94	2	32 62 
 116	94	2	81 13 
 117	94	2	14 80 
 118	94	2	83 11 
 119	94	2	87 7 
 120	94	2	90 4 
 121	92	2	84 8 
 122	94	2	1 93 
 123	90	2	24 66 
 124	94	2	88 6 
 125	94	2	1 93 
 126	94	2	74 20 
 127	92	2	88 4 
 128	94	2	10 84 
 129	94	2	89 5 
 130	92	2	42 50 
 131	94	2	70 24 
 132	94	2	77 17 
 133	94	2	16 78 
 134	94	2	89 5 
 135	94	2	83 11 
 136	94	2	68 26 
 137	94	2	64 30 
 138	94	2	16 78 
 139	94	2	74 20 
 140	94	2	0 94 
 141	94	2	87 7 
 142	94	2	20 74 
 143	94	2	94 0 
 144	94	2	29 65 
 145	94	2	16 78 
 146	94	2	58 36 
 147	94	2	18 76 
 148	94	2	12 82 
 149	94	2	80 14 
 150	94	2	72 22 
 151	94	2	2 92 

[pop]=15
 1	90	2	88 2 
 2	90	2	24 66 
 3	90	2	64 26 
 4	88	2	67 21 
 5	88	2	32 56 
 6	88	2	28 60 
 7	90	2	10 80 
 8	90	2	46 44 
 9	90	2	4 86 
 10	90	2	16 74 
 11	88	2	65 23 
 12	90	2	8 82 
 13	90	2	31 59 
 14	90	2	74 16 
 15	90	2	61 29 
 16	90	2	12 78 
 17	90	2	75 15 
 18	90	2	28 62 
 19	90	2	70 20 
 20	90	2	70 20 
 21	90	2	88 2 
 22	90	2	24 66 
 23	90	2	22 68 
 24	90	2	66 24 
 25	90	2	47 43 
 26	90	2	40 50 
 27	90	2	45 45 
 28	90	2	54 36 
 29	90	2	25 65 
 30	90	2	63 27 
 31	90	2	5 85 
 32	90	2	37 53 
 33	90	2	70 20 
 34	90	2	84 6 
 35	90	2	4 86 
 36	82	2	53 29 
 37	90	2	30 60 
 38	90	2	85 5 
 39	90	2	49 41 
 40	90	2	83 7 
 41	90	2	33 57 
 42	90	2	69 21 
 43	90	2	16 74 
 44	88	2	43 45 
 45	90	2	70 20 
 46	90	2	58 32 
 47	90	2	90 0 
 48	90	2	83 7 
 49	90	2	80 10 
 50	90	2	90 0 
 51	90	2	9 81 
 52	90	2	71 19 
 53	90	2	3 87 
 54	90	2	53 37 
 55	90	2	23 67 
 56	90	2	64 26 
 57	90	2	53 37 
 58	90	2	28 62 
 59	90	2	53 37 
 60	90	2	86 4 
 61	90	2	17 73 
 62	90	2	69 21 
 63	90	2	25 65 
 64	90	2	53 37 
 65	90	2	67 23 
 66	90	2	80 10 
 67	88	2	77 11 
 68	90	2	10 80 
 69	90	2	62 28 
 70	90	2	17 73 
 71	90	2	60 30 
 72	90	2	44 46 
 73	90	2	6 84 
 74	90	2	31 59 
 75	90	2	51 39 
 76	90	2	43 47 
 77	88	2	28 60 
 78	90	2	15 75 
 79	90	2	35 55 
 80	90	2	81 9 
 81	90	2	12 78 
 82	90	2	39 51 
 83	90	2	90 0 
 84	90	2	83 7 
 85	86	2	64 22 
 86	90	2	74 16 
 87	90	2	79 11 
 88	88	2	11 77 
 89	90	2	36 54 
 90	90	2	36 54 
 91	84	2	63 21 
 92	90	2	21 69 
 93	88	2	38 50 
 94	90	2	90 0 
 95	90	2	87 3 
 96	90	2	35 55 
 97	90	2	14 76 
 98	90	2	88 2 
 99	90	2	24 66 
 100	90	2	77 13 
 101	88	2	79 9 
 102	90	2	74 16 
 103	88	2	8 80 
 104	86	2	1 85 
 105	90	2	38 52 
 106	90	2	82 8 
 107	90	2	7 83 
 108	90	2	80 10 
 109	90	2	33 57 
 110	90	2	3 87 
 111	90	2	81 9 
 112	88	2	0 88 
 113	90	2	38 52 
 114	90	2	67 23 
 115	90	2	10 80 
 116	90	2	84 6 
 117	90	2	12 78 
 118	90	2	83 7 
 119	90	2	70 20 
 120	90	2	90 0 
 121	88	2	80 8 
 122	90	2	0 90 
 123	86	2	17 69 
 124	90	2	90 0 
 125	90	2	0 90 
 126	90	2	70 20 
 127	90	2	89 1 
 128	90	2	2 88 
 129	90	2	77 13 
 130	84	2	41 43 
 131	90	2	64 26 
 132	90	2	78 12 
 133	90	2	26 64 
 134	90	2	82 8 
 135	90	2	75 15 
 136	90	2	65 25 
 137	90	2	68 22 
 138	90	2	12 78 
 139	90	2	62 28 
 140	90	2	0 90 
 141	90	2	83 7 
 142	90	2	19 71 
 143	90	2	88 2 
 144	90	2	30 60 
 145	90	2	3 87 
 146	90	2	37 53 
 147	90	2	13 77 
 148	90	2	9 81 
 149	90	2	72 18 
 150	90	2	77 13 
 151	90	2	2 88 

[pop]=16
 1	208	2	208 0 
 2	208	2	91 117 
 3	208	2	161 47 
 4	208	2	160 48 
 5	208	2	78 130 
 6	208	2	84 124 
 7	208	2	21 187 
 8	208	2	120 88 
 9	208	2	13 195 
 10	206	2	13 193 
 11	204	2	174 30 
 12	206	2	26 180 
 13	204	2	99 105 
 14	208	2	182 26 
 15	208	2	76 132 
 16	208	2	15 193 
 17	208	2	188 20 
 18	208	2	83 125 
 19	208	2	147 61 
 20	202	2	119 83 
 21	208	2	208 0 
 22	208	2	34 174 
 23	208	2	15 193 
 24	208	2	151 57 
 25	208	2	141 67 
 26	208	2	92 116 
 27	208	2	90 118 
 28	208	2	112 96 
 29	208	2	39 169 
 30	208	2	115 93 
 31	208	2	29 179 
 32	208	2	121 87 
 33	208	2	171 37 
 34	208	2	196 12 
 35	208	2	11 197 
 36	202	2	118 84 
 37	208	2	81 127 
 38	208	2	176 32 
 39	208	2	146 62 
 40	208	2	187 21 
 41	202	2	77 125 
 42	208	2	150 58 
 43	202	2	22 180 
 44	200	2	119 81 
 45	202	2	179 23 
 46	208	2	110 98 
 47	208	2	208 0 
 48	208	2	200 8 
 49	206	2	183 23 
 50	208	2	207 1 
 51	208	2	41 167 
 52	208	2	178 30 
 53	208	2	8 200 
 54	208	2	144 64 
 55	208	2	60 148 
 56	208	2	140 68 
 57	208	2	123 85 
 58	208	2	57 151 
 59	208	2	144 64 
 60	208	2	197 11 
 61	208	2	68 140 
 62	208	2	196 12 
 63	208	2	52 156 
 64	208	2	138 70 
 65	208	2	147 61 
 66	208	2	184 24 
 67	206	2	184 22 
 68	208	2	41 167 
 69	208	2	148 60 
 70	208	2	40 168 
 71	208	2	118 90 
 72	208	2	72 136 
 73	208	2	5 203 
 74	208	2	76 132 
 75	208	2	165 43 
 76	206	2	78 128 
 77	206	2	53 153 
 78	208	2	68 140 
 79	208	2	74 134 
 80	206	2	169 37 
 81	208	2	23 185 
 82	206	2	65 141 
 83	208	2	208 0 
 84	208	2	208 0 
 85	204	2	147 57 
 86	208	2	168 40 
 87	208	2	175 33 
 88	204	2	27 177 
 89	208	2	67 141 
 90	208	2	87 121 
 91	208	2	156 52 
 92	200	2	66 134 
 93	208	2	129 79 
 94	208	2	207 1 
 95	208	2	207 1 
 96	206	2	93 113 
 97	208	2	61 147 
 98	208	2	204 4 
 99	208	2	62 146 
 100	208	2	203 5 
 101	206	2	188 18 
 102	208	2	152 56 
 103	208	2	6 202 
 104	208	2	1 207 
 105	208	2	122 86 
 106	208	2	191 17 
 107	208	2	10 198 
 108	208	2	185 23 
 109	208	2	116 92 
 110	208	2	5 203 
 111	208	2	182 26 
 112	208	2	0 208 
 113	208	2	90 118 
 114	208	2	186 22 
 115	208	2	41 167 
 116	206	2	192 14 
 117	208	2	39 169 
 118	208	2	198 10 
 119	208	2	181 27 
 120	208	2	208 0 
 121	206	2	174 32 
 122	208	2	0 208 
 123	192	2	35 157 
 124	206	2	196 10 
 125	208	2	1 207 
 126	208	2	155 53 
 127	208	2	199 9 
 128	208	2	7 201 
 129	208	2	190 18 
 130	172	2	53 119 
 131	208	2	159 49 
 132	208	2	145 63 
 133	208	2	42 166 
 134	208	2	201 7 
 135	200	2	182 18 
 136	208	2	123 85 
 137	208	2	147 61 
 138	208	2	35 173 
 139	208	2	151 57 
 140	208	2	0 208 
 141	208	2	199 9 
 142	208	2	44 164 
 143	208	2	198 10 
 144	208	2	56 152 
 145	208	2	37 171 
 146	208	2	123 85 
 147	208	2	31 177 
 148	208	2	18 190 
 149	208	2	186 22 
 150	208	2	193 15 
 151	208	2	2 206 

[pop]=17
 1	92	2	76 16 
 2	92	2	54 38 
 3	92	2	84 8 
 4	92	2	78 14 
 5	92	2	30 62 
 6	92	2	41 51 
 7	92	2	22 70 
 8	92	2	30 62 
 9	92	2	1 91 
 10	92	2	13 79 
 11	92	2	81 11 
 12	92	2	10 82 
 13	92	2	30 62 
 14	92	2	76 16 
 15	92	2	53 39 
 16	92	2	13 79 
 17	92	2	82 10 
 18	92	2	20 72 
 19	92	2	63 29 
 20	92	2	62 30 
 21	92	2	91 1 
 22	92	2	30 62 
 23	92	2	15 77 
 24	92	2	63 29 
 25	92	2	68 24 
 26	92	2	59 33 
 27	92	2	41 51 
 28	92	2	43 49 
 29	92	2	27 65 
 30	92	2	56 36 
 31	92	2	20 72 
 32	92	2	25 67 
 33	92	2	68 24 
 34	92	2	76 16 
 35	92	2	4 88 
 36	90	2	66 24 
 37	92	2	25 67 
 38	92	2	65 27 
 39	92	2	75 17 
 40	92	2	87 5 
 41	92	2	29 63 
 42	92	2	76 16 
 43	92	2	5 87 
 44	88	2	33 55 
 45	92	2	79 13 
 46	92	2	72 20 
 47	92	2	92 0 
 48	92	2	70 22 
 49	92	2	74 18 
 50	92	2	92 0 
 51	92	2	10 82 
 52	92	2	87 5 
 53	92	2	11 81 
 54	92	2	53 39 
 55	92	2	28 64 
 56	92	2	52 40 
 57	92	2	67 25 
 58	92	2	20 72 
 59	92	2	37 55 
 60	92	2	85 7 
 61	92	2	16 76 
 62	92	2	83 9 
 63	92	2	22 70 
 64	92	2	67 25 
 65	92	2	71 21 
 66	92	2	85 7 
 67	90	2	76 14 
 68	92	2	14 78 
 69	92	2	59 33 
 70	92	2	5 87 
 71	92	2	68 24 
 72	92	2	69 23 
 73	92	2	0 92 
 74	92	2	28 64 
 75	92	2	63 29 
 76	92	2	45 47 
 77	92	2	22 70 
 78	92	2	15 77 
 79	92	2	43 49 
 80	92	2	87 5 
 81	92	2	31 61 
 82	90	2	38 52 
 83	92	2	92 0 
 84	92	2	92 0 
 85	90	2	81 9 
 86	92	2	64 28 
 87	92	2	75 17 
 88	90	2	7 83 
 89	92	2	42 50 
 90	92	2	23 69 
 91	92	2	76 16 
 92	92	2	20 72 
 93	92	2	49 43 
 94	92	2	89 3 
 95	92	2	83 9 
 96	92	2	35 57 
 97	90	2	13 77 
 98	92	2	92 0 
 99	92	2	22 70 
 100	92	2	92 0 
 101	92	2	86 6 
 102	92	2	62 30 
 103	92	2	4 88 
 104	92	2	2 90 
 105	92	2	40 52 
 106	92	2	85 7 
 107	92	2	3 89 
 108	92	2	87 5 
 109	92	2	35 57 
 110	92	2	10 82 
 111	78	2	43 35 
 112	92	2	0 92 
 113	92	2	27 65 
 114	92	2	68 24 
 115	92	2	12 80 
 116	92	2	84 8 
 117	92	2	0 92 
 118	92	2	92 0 
 119	92	2	81 11 
 120	92	2	92 0 
 121	90	2	81 9 
 122	92	2	0 92 
 123	84	2	20 64 
 124	92	2	81 11 
 125	92	2	0 92 
 126	92	2	74 18 
 127	92	2	88 4 
 128	92	2	9 83 
 129	92	2	69 23 
 130	92	2	43 49 
 131	92	2	72 20 
 132	92	2	79 13 
 133	92	2	24 68 
 134	92	2	85 7 
 135	92	2	46 46 
 136	92	2	66 26 
 137	92	2	68 24 
 138	92	2	9 83 
 139	92	2	67 25 
 140	92	2	2 90 
 141	92	2	90 2 
 142	92	2	8 84 
 143	92	2	91 1 
 144	92	2	40 52 
 145	92	2	7 85 
 146	92	2	59 33 
 147	92	2	4 88 
 148	92	2	9 83 
 149	92	2	89 3 
 150	92	2	71 21 
 151	92	2	0 92 

[pop]=18
 1	72	2	69 3 
 2	72	2	39 33 
 3	72	2	54 18 
 4	72	2	50 22 
 5	72	2	24 48 
 6	72	2	20 52 
 7	72	2	9 63 
 8	72	2	22 50 
 9	72	2	4 68 
 10	72	2	7 65 
 11	72	2	64 8 
 12	72	2	8 64 
 13	72	2	33 39 
 14	72	2	61 11 
 15	70	2	35 35 
 16	72	2	5 67 
 17	72	2	69 3 
 18	72	2	25 47 
 19	72	2	51 21 
 20	72	2	38 34 
 21	72	2	65 7 
 22	72	2	22 50 
 23	72	2	16 56 
 24	72	2	56 16 
 25	72	2	39 33 
 26	72	2	35 37 
 27	72	2	29 43 
 28	72	2	36 36 
 29	72	2	20 52 
 30	72	2	42 30 
 31	72	2	9 63 
 32	72	2	30 42 
 33	72	2	51 21 
 34	72	2	65 7 
 35	72	2	13 59 
 36	72	2	39 33 
 37	72	2	22 50 
 38	72	2	59 13 
 39	72	2	52 20 
 40	72	2	62 10 
 41	72	2	31 41 
 42	72	2	57 15 
 43	72	2	9 63 
 44	72	2	31 41 
 45	72	2	61 11 
 46	72	2	42 30 
 47	72	2	72 0 
 48	72	2	66 6 
 49	72	2	57 15 
 50	72	2	69 3 
 51	72	2	14 58 
 52	72	2	59 13 
 53	72	2	2 70 
 54	72	2	40 32 
 55	72	2	31 41 
 56	72	2	48 24 
 57	72	2	32 40 
 58	72	2	21 51 
 59	72	2	52 20 
 60	72	2	70 2 
 61	72	2	11 61 
 62	72	2	69 3 
 63	72	2	20 52 
 64	72	2	44 28 
 65	72	2	51 21 
 66	72	2	66 6 
 67	72	2	60 12 
 68	70	2	18 52 
 69	72	2	56 16 
 70	72	2	3 69 
 71	72	2	44 28 
 72	72	2	53 19 
 73	72	2	1 71 
 74	72	2	35 37 
 75	72	2	33 39 
 76	66	2	32 34 
 77	72	2	11 61 
 78	72	2	26 46 
 79	72	2	34 38 
 80	70	2	59 11 
 81	72	2	19 53 
 82	70	2	25 45 
 83	72	2	72 0 
 84	72	2	71 1 
 85	68	2	51 17 
 86	72	2	64 8 
 87	72	2	57 15 
 88	68	2	9 59 
 89	72	2	29 43 
 90	72	2	29 43 
 91	70	2	47 23 
 92	70	2	23 47 
 93	72	2	48 24 
 94	72	2	72 0 
 95	72	2	68 4 
 96	72	2	35 37 
 97	72	2	17 55 
 98	72	2	72 0 
 99	72	2	24 48 
 100	72	2	68 4 
 101	72	2	59 13 
 102	72	2	53 19 
 103	72	2	5 67 
 104	70	2	1 69 
 105	72	2	35 37 
 106	72	2	65 7 
 107	72	2	0 72 
 108	72	2	66 6 
 109	72	2	32 40 
 110	72	2	4 68 
 111	70	2	48 22 
 112	72	2	3 69 
 113	72	2	38 34 
 114	72	2	57 15 
 115	72	2	15 57 
 116	72	2	69 3 
 117	72	2	12 60 
 118	72	2	65 7 
 119	72	2	55 17 
 120	72	2	72 0 
 121	72	2	66 6 
 122	72	2	1 71 
 123	70	2	14 56 
 124	72	2	68 4 
 125	72	2	0 72 
 126	72	2	52 20 
 127	72	2	68 4 
 128	72	2	2 70 
 129	70	2	65 5 
 130	62	2	24 38 
 131	72	2	55 17 
 132	72	2	59 13 
 133	70	2	13 57 
 134	72	2	68 4 
 135	70	2	49 21 
 136	72	2	50 22 
 137	68	2	48 20 
 138	72	2	8 64 
 139	72	2	59 13 
 140	72	2	2 70 
 141	72	2	70 2 
 142	72	2	14 58 
 143	72	2	71 1 
 144	72	2	22 50 
 145	72	2	8 64 
 146	72	2	40 32 
 147	72	2	8 64 
 148	72	2	16 56 
 149	72	2	66 6 
 150	72	2	58 14 
 151	72	2	3 69 

[pop]=19
 1	170	2	168 2 
 2	166	2	78 88 
 3	170	2	141 29 
 4	170	2	138 32 
 5	170	2	31 139 
 6	170	2	65 105 
 7	168	2	27 141 
 8	170	2	97 73 
 9	170	2	30 140 
 10	170	2	8 162 
 11	170	2	142 28 
 12	170	2	16 154 
 13	170	2	103 67 
 14	170	2	150 20 
 15	160	2	59 101 
 16	170	2	26 144 
 17	170	2	142 28 
 18	170	2	46 124 
 19	170	2	140 30 
 20	170	2	92 78 
 21	170	2	152 18 
 22	170	2	42 128 
 23	170	2	51 119 
 24	168	2	98 70 
 25	170	2	109 61 
 26	170	2	88 82 
 27	170	2	89 81 
 28	168	2	87 81 
 29	170	2	42 128 
 30	170	2	90 80 
 31	170	2	48 122 
 32	170	2	85 85 
 33	170	2	142 28 
 34	170	2	147 23 
 35	170	2	49 121 
 36	170	2	50 120 
 37	170	2	67 103 
 38	170	2	137 33 
 39	170	2	130 40 
 40	170	2	162 8 
 41	170	2	97 73 
 42	170	2	144 26 
 43	170	2	27 143 
 44	164	2	79 85 
 45	168	2	114 54 
 46	170	2	70 100 
 47	170	2	168 2 
 48	170	2	163 7 
 49	170	2	142 28 
 50	168	2	160 8 
 51	170	2	24 146 
 52	170	2	150 20 
 53	170	2	7 163 
 54	170	2	123 47 
 55	170	2	67 103 
 56	170	2	110 60 
 57	170	2	69 101 
 58	170	2	47 123 
 59	170	2	121 49 
 60	170	2	159 11 
 61	170	2	56 114 
 62	170	2	153 17 
 63	170	2	44 126 
 64	170	2	102 68 
 65	170	2	112 58 
 66	170	2	159 11 
 67	170	2	150 20 
 68	170	2	41 129 
 69	170	2	119 51 
 70	170	2	42 128 
 71	170	2	98 72 
 72	170	2	77 93 
 73	170	2	6 164 
 74	166	2	67 99 
 75	170	2	62 108 
 76	170	2	81 89 
 77	170	2	72 98 
 78	170	2	34 136 
 79	170	2	93 77 
 80	170	2	154 16 
 81	170	2	36 134 
 82	170	2	59 111 
 83	170	2	169 1 
 84	170	2	164 6 
 85	170	2	122 48 
 86	170	2	123 47 
 87	170	2	128 42 
 88	166	2	32 134 
 89	170	2	70 100 
 90	170	2	61 109 
 91	170	2	127 43 
 92	168	2	31 137 
 93	170	2	84 86 
 94	170	2	164 6 
 95	170	2	159 11 
 96	170	2	56 114 
 97	170	2	26 144 
 98	170	2	169 1 
 99	170	2	60 110 
 100	170	2	146 24 
 101	170	2	156 14 
 102	170	2	123 47 
 103	170	2	24 146 
 104	170	2	7 163 
 105	170	2	85 85 
 106	170	2	147 23 
 107	170	2	14 156 
 108	170	2	154 16 
 109	170	2	88 82 
 110	170	2	24 146 
 111	170	2	161 9 
 112	170	2	1 169 
 113	170	2	93 77 
 114	170	2	139 31 
 115	170	2	26 144 
 116	170	2	155 15 
 117	168	2	17 151 
 118	170	2	145 25 
 119	170	2	143 27 
 120	170	2	167 3 
 121	170	2	142 28 
 122	170	2	2 168 
 123	166	2	22 144 
 124	170	2	146 24 
 125	170	2	0 170 
 126	170	2	107 63 
 127	170	2	165 5 
 128	170	2	10 160 
 129	168	2	148 20 
 130	170	2	52 118 
 131	170	2	122 48 
 132	170	2	156 14 
 133	170	2	40 130 
 134	170	2	167 3 
 135	168	2	146 22 
 136	170	2	128 42 
 137	170	2	141 29 
 138	170	2	24 146 
 139	170	2	123 47 
 140	170	2	1 169 
 141	170	2	162 8 
 142	170	2	18 152 
 143	170	2	159 11 
 144	170	2	51 119 
 145	170	2	13 157 
 146	170	2	109 61 
 147	170	2	22 148 
 148	170	2	35 135 
 149	170	2	122 48 
 150	170	2	121 49 
 151	170	2	16 154 

[pop]=20
 1	312	2	303 9 
 2	310	2	123 187 
 3	312	2	257 55 
 4	312	2	241 71 
 5	312	2	54 258 
 6	312	2	118 194 
 7	312	2	38 274 
 8	312	2	150 162 
 9	312	2	43 269 
 10	312	2	23 289 
 11	310	2	252 58 
 12	310	2	31 279 
 13	312	2	198 114 
 14	312	2	266 46 
 15	310	2	141 169 
 16	312	2	50 262 
 17	312	2	247 65 
 18	312	2	85 227 
 19	312	2	258 54 
 20	312	2	166 146 
 21	312	2	295 17 
 22	312	2	87 225 
 23	312	2	121 191 
 24	312	2	183 129 
 25	310	2	209 101 
 26	312	2	152 160 
 27	312	2	153 159 
 28	310	2	141 169 
 29	312	2	80 232 
 30	312	2	178 134 
 31	312	2	89 223 
 32	308	2	145 163 
 33	312	2	270 42 
 34	312	2	267 45 
 35	312	2	99 213 
 36	308	2	84 224 
 37	312	2	84 228 
 38	312	2	251 61 
 39	312	2	251 61 
 40	310	2	286 24 
 41	312	2	175 137 
 42	312	2	293 19 
 43	312	2	53 259 
 44	302	2	133 169 
 45	310	2	224 86 
 46	312	2	131 181 
 47	312	2	305 7 
 48	312	2	300 12 
 49	312	2	268 44 
 50	308	2	300 8 
 51	308	2	47 261 
 52	310	2	275 35 
 53	312	2	16 296 
 54	312	2	209 103 
 55	312	2	121 191 
 56	312	2	193 119 
 57	312	2	142 170 
 58	312	2	78 234 
 59	312	2	236 76 
 60	312	2	292 20 
 61	310	2	112 198 
 62	312	2	281 31 
 63	312	2	120 192 
 64	312	2	180 132 
 65	312	2	221 91 
 66	312	2	303 9 
 67	312	2	274 38 
 68	310	2	47 263 
 69	312	2	211 101 
 70	312	2	78 234 
 71	308	2	210 98 
 72	312	2	120 192 
 73	312	2	18 294 
 74	308	2	127 181 
 75	312	2	109 203 
 76	312	2	158 154 
 77	312	2	122 190 
 78	310	2	59 251 
 79	312	2	188 124 
 80	312	2	292 20 
 81	310	2	42 268 
 82	306	2	105 201 
 83	312	2	310 2 
 84	312	2	306 6 
 85	308	2	208 100 
 86	312	2	236 76 
 87	310	2	226 84 
 88	308	2	65 243 
 89	312	2	167 145 
 90	310	2	126 184 
 91	308	2	217 91 
 92	312	2	51 261 
 93	308	2	158 150 
 94	312	2	308 4 
 95	312	2	302 10 
 96	312	2	103 209 
 97	312	2	57 255 
 98	312	2	310 2 
 99	312	2	99 213 
 100	312	2	287 25 
 101	312	2	276 36 
 102	310	2	225 85 
 103	306	2	32 274 
 104	312	2	7 305 
 105	312	2	152 160 
 106	312	2	268 44 
 107	312	2	26 286 
 108	312	2	266 46 
 109	312	2	161 151 
 110	312	2	27 285 
 111	312	2	296 16 
 112	312	2	7 305 
 113	312	2	165 147 
 114	312	2	260 52 
 115	312	2	73 239 
 116	310	2	275 35 
 117	312	2	18 294 
 118	310	2	264 46 
 119	312	2	258 54 
 120	312	2	307 5 
 121	312	2	230 82 
 122	312	2	0 312 
 123	306	2	37 269 
 124	312	2	273 39 
 125	312	2	1 311 
 126	308	2	222 86 
 127	312	2	294 18 
 128	312	2	20 292 
 129	310	2	274 36 
 130	308	2	122 186 
 131	312	2	244 68 
 132	312	2	264 48 
 133	310	2	57 253 
 134	312	2	300 12 
 135	312	2	271 41 
 136	310	2	225 85 
 137	310	2	249 61 
 138	312	2	45 267 
 139	312	2	237 75 
 140	312	2	7 305 
 141	312	2	296 16 
 142	312	2	45 267 
 143	312	2	290 22 
 144	312	2	94 218 
 145	312	2	43 269 
 146	312	2	203 109 
 147	312	2	47 265 
 148	312	2	68 244 
 149	312	2	218 94 
 150	312	2	221 91 
 151	312	2	23 289 

[pop]=21
 1	196	2	189 7 
 2	196	2	84 112 
 3	196	2	161 35 
 4	196	2	142 54 
 5	196	2	42 154 
 6	194	2	70 124 
 7	196	2	29 167 
 8	196	2	106 90 
 9	196	2	30 166 
 10	196	2	10 186 
 11	196	2	161 35 
 12	196	2	21 175 
 13	196	2	131 65 
 14	196	2	178 18 
 15	192	2	110 82 
 16	196	2	26 170 
 17	196	2	154 42 
 18	196	2	89 107 
 19	196	2	146 50 
 20	196	2	119 77 
 21	196	2	184 12 
 22	196	2	64 132 
 23	196	2	67 129 
 24	194	2	79 115 
 25	196	2	126 70 
 26	196	2	94 102 
 27	194	2	100 94 
 28	194	2	95 99 
 29	196	2	55 141 
 30	196	2	105 91 
 31	196	2	54 142 
 32	196	2	99 97 
 33	196	2	158 38 
 34	196	2	185 11 
 35	196	2	54 142 
 36	196	2	75 121 
 37	196	2	73 123 
 38	196	2	153 43 
 39	196	2	143 53 
 40	194	2	179 15 
 41	196	2	111 85 
 42	196	2	172 24 
 43	196	2	33 163 
 44	192	2	88 104 
 45	192	2	155 37 
 46	196	2	98 98 
 47	196	2	186 10 
 48	196	2	185 11 
 49	196	2	177 19 
 50	192	2	186 6 
 51	196	2	42 154 
 52	196	2	161 35 
 53	196	2	5 191 
 54	196	2	127 69 
 55	196	2	59 137 
 56	196	2	121 75 
 57	196	2	98 98 
 58	196	2	50 146 
 59	196	2	143 53 
 60	196	2	184 12 
 61	196	2	55 141 
 62	196	2	168 28 
 63	196	2	82 114 
 64	196	2	118 78 
 65	196	2	129 67 
 66	196	2	178 18 
 67	196	2	165 31 
 68	196	2	39 157 
 69	196	2	140 56 
 70	196	2	26 170 
 71	194	2	128 66 
 72	196	2	85 111 
 73	196	2	13 183 
 74	196	2	87 109 
 75	194	2	76 118 
 76	196	2	101 95 
 77	192	2	89 103 
 78	196	2	64 132 
 79	196	2	93 103 
 80	194	2	152 42 
 81	196	2	38 158 
 82	194	2	76 118 
 83	196	2	192 4 
 84	196	2	189 7 
 85	192	2	154 38 
 86	196	2	154 42 
 87	196	2	142 54 
 88	186	2	26 160 
 89	196	2	93 103 
 90	196	2	63 133 
 91	196	2	163 33 
 92	196	2	29 167 
 93	194	2	110 84 
 94	196	2	192 4 
 95	196	2	182 14 
 96	194	2	77 117 
 97	196	2	33 163 
 98	196	2	188 8 
 99	196	2	64 132 
 100	196	2	184 12 
 101	196	2	171 25 
 102	196	2	142 54 
 103	194	2	28 166 
 104	196	2	15 181 
 105	196	2	99 97 
 106	196	2	167 29 
 107	196	2	25 171 
 108	196	2	160 36 
 109	196	2	90 106 
 110	196	2	12 184 
 111	196	2	189 7 
 112	196	2	11 185 
 113	194	2	100 94 
 114	196	2	153 43 
 115	196	2	28 168 
 116	196	2	189 7 
 117	196	2	5 191 
 118	196	2	172 24 
 119	196	2	150 46 
 120	196	2	193 3 
 121	196	2	147 49 
 122	196	2	6 190 
 123	186	2	30 156 
 124	196	2	169 27 
 125	196	2	2 194 
 126	196	2	140 56 
 127	194	2	181 13 
 128	196	2	12 184 
 129	196	2	173 23 
 130	172	2	78 94 
 131	196	2	152 44 
 132	196	2	170 26 
 133	196	2	34 162 
 134	196	2	190 6 
 135	196	2	158 38 
 136	196	2	135 61 
 137	196	2	164 32 
 138	196	2	27 169 
 139	196	2	152 44 
 140	196	2	0 196 
 141	196	2	184 12 
 142	196	2	33 163 
 143	196	2	193 3 
 144	196	2	44 152 
 145	196	2	36 160 
 146	196	2	131 65 
 147	196	2	17 179 
 148	196	2	51 145 
 149	196	2	143 53 
 150	196	2	110 86 
 151	196	2	23 173 

[pop]=22
 1	302	2	290 12 
 2	300	2	133 167 
 3	302	2	229 73 
 4	302	2	185 117 
 5	300	2	60 240 
 6	300	2	104 196 
 7	302	2	47 255 
 8	302	2	165 137 
 9	302	2	61 241 
 10	302	2	10 292 
 11	302	2	261 41 
 12	302	2	25 277 
 13	302	2	175 127 
 14	302	2	266 36 
 15	294	2	131 163 
 16	302	2	26 276 
 17	300	2	226 74 
 18	302	2	126 176 
 19	302	2	265 37 
 20	302	2	177 125 
 21	302	2	283 19 
 22	302	2	114 188 
 23	302	2	107 195 
 24	302	2	137 165 
 25	302	2	199 103 
 26	302	2	151 151 
 27	302	2	122 180 
 28	296	2	152 144 
 29	302	2	76 226 
 30	302	2	160 142 
 31	302	2	52 250 
 32	302	2	164 138 
 33	302	2	247 55 
 34	302	2	283 19 
 35	302	2	75 227 
 36	296	2	127 169 
 37	302	2	120 182 
 38	302	2	240 62 
 39	302	2	229 73 
 40	300	2	275 25 
 41	300	2	189 111 
 42	302	2	261 41 
 43	302	2	43 259 
 44	298	2	120 178 
 45	302	2	259 43 
 46	302	2	158 144 
 47	302	2	299 3 
 48	302	2	298 4 
 49	302	2	287 15 
 50	288	2	279 9 
 51	302	2	62 240 
 52	302	2	233 69 
 53	302	2	11 291 
 54	302	2	179 123 
 55	302	2	118 184 
 56	302	2	202 100 
 57	300	2	133 167 
 58	302	2	75 227 
 59	302	2	169 133 
 60	302	2	280 22 
 61	298	2	76 222 
 62	302	2	276 26 
 63	302	2	145 157 
 64	302	2	204 98 
 65	300	2	186 114 
 66	302	2	269 33 
 67	302	2	255 47 
 68	302	2	82 220 
 69	302	2	184 118 
 70	300	2	34 266 
 71	302	2	202 100 
 72	302	2	114 188 
 73	302	2	17 285 
 74	298	2	130 168 
 75	302	2	113 189 
 76	300	2	142 158 
 77	302	2	129 173 
 78	302	2	83 219 
 79	302	2	152 150 
 80	302	2	255 47 
 81	302	2	51 251 
 82	296	2	99 197 
 83	302	2	301 1 
 84	302	2	284 18 
 85	300	2	253 47 
 86	302	2	226 76 
 87	302	2	206 96 
 88	286	2	33 253 
 89	302	2	125 177 
 90	302	2	78 224 
 91	298	2	249 49 
 92	302	2	42 260 
 93	302	2	165 137 
 94	302	2	296 6 
 95	302	2	267 35 
 96	302	2	126 176 
 97	302	2	43 259 
 98	302	2	297 5 
 99	302	2	118 184 
 100	298	2	268 30 
 101	302	2	261 41 
 102	302	2	243 59 
 103	302	2	40 262 
 104	302	2	16 286 
 105	300	2	148 152 
 106	300	2	250 50 
 107	302	2	21 281 
 108	302	2	261 41 
 109	302	2	149 153 
 110	302	2	27 275 
 111	302	2	287 15 
 112	302	2	25 277 
 113	302	2	162 140 
 114	302	2	262 40 
 115	302	2	42 260 
 116	302	2	281 21 
 117	302	2	26 276 
 118	300	2	264 36 
 119	302	2	270 32 
 120	300	2	300 0 
 121	302	2	237 65 
 122	302	2	3 299 
 123	286	2	48 238 
 124	302	2	256 46 
 125	302	2	2 300 
 126	302	2	206 96 
 127	302	2	298 4 
 128	302	2	29 273 
 129	298	2	259 39 
 130	248	2	103 145 
 131	302	2	241 61 
 132	302	2	267 35 
 133	302	2	41 261 
 134	302	2	280 22 
 135	296	2	236 60 
 136	302	2	224 78 
 137	302	2	247 55 
 138	302	2	39 263 
 139	302	2	223 79 
 140	302	2	3 299 
 141	302	2	292 10 
 142	302	2	24 278 
 143	302	2	291 11 
 144	302	2	91 211 
 145	302	2	48 254 
 146	302	2	231 71 
 147	302	2	23 279 
 148	302	2	62 240 
 149	300	2	245 55 
 150	302	2	191 111 
 151	302	2	33 269 


