[loci]=151

[populations]=10

[pop]=1
 1	42	2	39 3 
 2	42	2	19 23 
 3	42	2	39 3 
 4	42	2	32 10 
 5	42	2	4 38 
 6	42	2	9 33 
 7	42	2	9 33 
 8	42	2	18 24 
 9	42	2	2 40 
 10	42	2	0 42 
 11	42	2	25 17 
 12	42	2	10 32 
 13	42	2	25 17 
 14	42	2	37 5 
 15	40	2	8 32 
 16	42	2	1 41 
 17	42	2	26 16 
 18	42	2	19 23 
 19	42	2	38 4 
 20	42	2	28 14 
 21	42	2	39 3 
 22	42	2	17 25 
 23	42	2	19 23 
 24	42	2	16 26 
 25	42	2	21 21 
 26	42	2	18 24 
 27	42	2	21 21 
 28	42	2	30 12 
 29	38	2	18 20 
 30	42	2	18 24 
 31	42	2	21 21 
 32	42	2	19 23 
 33	42	2	42 0 
 34	42	2	42 0 
 35	42	2	13 29 
 36	42	2	17 25 
 37	42	2	23 19 
 38	42	2	24 18 
 39	42	2	33 9 
 40	42	2	41 1 
 41	42	2	23 19 
 42	42	2	37 5 
 43	42	2	10 32 
 44	42	2	23 19 
 45	42	2	27 15 
 46	42	2	14 28 
 47	42	2	41 1 
 48	42	2	40 2 
 49	42	2	29 13 
 50	42	2	40 2 
 51	42	2	10 32 
 52	42	2	33 9 
 53	42	2	3 39 
 54	42	2	25 17 
 55	40	2	11 29 
 56	42	2	29 13 
 57	42	2	13 29 
 58	42	2	9 33 
 59	42	2	29 13 
 60	42	2	40 2 
 61	42	2	14 28 
 62	42	2	31 11 
 63	42	2	13 29 
 64	42	2	28 14 
 65	42	2	27 15 
 66	42	2	39 3 
 67	42	2	34 8 
 68	42	2	16 26 
 69	42	2	30 12 
 70	42	2	2 40 
 71	42	2	30 12 
 72	42	2	12 30 
 73	42	2	2 40 
 74	42	2	22 20 
 75	42	2	18 24 
 76	42	2	21 21 
 77	42	2	16 26 
 78	42	2	13 29 
 79	42	2	21 21 
 80	40	2	27 13 
 81	42	2	10 32 
 82	42	2	20 22 
 83	42	2	40 2 
 84	42	2	38 4 
 85	40	2	32 8 
 86	42	2	29 13 
 87	42	2	27 15 
 88	34	2	8 26 
 89	42	2	6 36 
 90	42	2	20 22 
 91	42	2	26 16 
 92	42	2	3 39 
 93	42	2	19 23 
 94	42	2	42 0 
 95	42	2	40 2 
 96	42	2	12 30 
 97	42	2	1 41 
 98	40	2	40 0 
 99	42	2	9 33 
 100	42	2	34 8 
 101	42	2	35 7 
 102	42	2	25 17 
 103	42	2	15 27 
 104	42	2	3 39 
 105	42	2	11 31 
 106	42	2	33 9 
 107	42	2	0 42 
 108	42	2	38 4 
 109	42	2	34 8 
 110	34	2	6 28 
 111	42	2	41 1 
 112	42	2	4 38 
 113	42	2	19 23 
 114	42	2	33 9 
 115	42	2	3 39 
 116	42	2	38 4 
 117	42	2	0 42 
 118	42	2	42 0 
 119	42	2	37 5 
 120	42	2	41 1 
 121	42	2	27 15 
 122	42	2	0 42 
 123	42	2	11 31 
 124	42	2	34 8 
 125	42	2	0 42 
 126	42	2	27 15 
 127	42	2	42 0 
 128	42	2	2 40 
 129	42	2	39 3 
 130	36	2	18 18 
 131	42	2	35 7 
 132	42	2	36 6 
 133	42	2	9 33 
 134	40	2	38 2 
 135	42	2	37 5 
 136	42	2	30 12 
 137	42	2	28 14 
 138	42	2	3 39 
 139	42	2	32 10 
 140	42	2	0 42 
 141	42	2	41 1 
 142	42	2	8 34 
 143	42	2	39 3 
 144	42	2	6 36 
 145	42	2	2 40 
 146	42	2	39 3 
 147	42	2	6 36 
 148	42	2	18 24 
 149	42	2	32 10 
 150	42	2	14 28 
 151	42	2	1 41 

[pop]=2
 1	68	2	67 1 
 2	68	2	36 32 
 3	68	2	45 23 
 4	68	2	55 13 
 5	68	2	2 66 
 6	66	2	15 51 
 7	68	2	13 55 
 8	68	2	31 37 
 9	68	2	8 60 
 10	68	2	5 63 
 11	68	2	54 14 
 12	68	2	24 44 
 13	60	2	46 14 
 14	68	2	57 11 
 15	58	2	32 26 
 16	68	2	4 64 
 17	68	2	48 20 
 18	68	2	34 34 
 19	68	2	53 15 
 20	68	2	44 24 
 21	66	2	62 4 
 22	68	2	40 28 
 23	68	2	31 37 
 24	68	2	26 42 
 25	68	2	52 16 
 26	68	2	36 32 
 27	68	2	50 18 
 28	68	2	38 30 
 29	66	2	19 47 
 30	68	2	31 37 
 31	68	2	37 31 
 32	68	2	39 29 
 33	68	2	62 6 
 34	68	2	66 2 
 35	68	2	19 49 
 36	68	2	30 38 
 37	68	2	31 37 
 38	68	2	45 23 
 39	68	2	47 21 
 40	68	2	65 3 
 41	68	2	33 35 
 42	68	2	58 10 
 43	68	2	6 62 
 44	64	2	32 32 
 45	64	2	50 14 
 46	68	2	31 37 
 47	68	2	68 0 
 48	68	2	64 4 
 49	68	2	60 8 
 50	68	2	46 22 
 51	68	2	0 68 
 52	68	2	64 4 
 53	68	2	4 64 
 54	68	2	57 11 
 55	68	2	28 40 
 56	68	2	43 25 
 57	68	2	24 44 
 58	68	2	16 52 
 59	68	2	23 45 
 60	68	2	56 12 
 61	68	2	12 56 
 62	68	2	47 21 
 63	68	2	27 41 
 64	68	2	31 37 
 65	68	2	59 9 
 66	68	2	52 16 
 67	68	2	57 11 
 68	68	2	33 35 
 69	68	2	46 22 
 70	68	2	20 48 
 71	68	2	43 25 
 72	68	2	21 47 
 73	68	2	1 67 
 74	68	2	40 28 
 75	68	2	14 54 
 76	68	2	45 23 
 77	68	2	27 41 
 78	68	2	14 54 
 79	68	2	37 31 
 80	68	2	46 22 
 81	68	2	6 62 
 82	68	2	14 54 
 83	68	2	68 0 
 84	68	2	56 12 
 85	50	2	45 5 
 86	68	2	52 16 
 87	68	2	44 24 
 88	68	2	15 53 
 89	68	2	20 48 
 90	68	2	26 42 
 91	68	2	56 12 
 92	68	2	0 68 
 93	68	2	47 21 
 94	68	2	67 1 
 95	68	2	65 3 
 96	68	2	16 52 
 97	68	2	12 56 
 98	68	2	68 0 
 99	68	2	23 45 
 100	68	2	58 10 
 101	68	2	52 16 
 102	68	2	42 26 
 103	68	2	16 52 
 104	68	2	11 57 
 105	68	2	28 40 
 106	68	2	62 6 
 107	68	2	1 67 
 108	68	2	60 8 
 109	68	2	30 38 
 110	44	2	9 35 
 111	66	2	65 1 
 112	68	2	17 51 
 113	68	2	31 37 
 114	68	2	57 11 
 115	68	2	2 66 
 116	68	2	65 3 
 117	68	2	6 62 
 118	68	2	68 0 
 119	68	2	59 9 
 120	68	2	68 0 
 121	68	2	40 28 
 122	68	2	0 68 
 123	68	2	12 56 
 124	66	2	50 16 
 125	68	2	1 67 
 126	68	2	43 25 
 127	68	2	67 1 
 128	68	2	0 68 
 129	68	2	67 1 
 130	66	2	25 41 
 131	68	2	50 18 
 132	68	2	64 4 
 133	68	2	17 51 
 134	68	2	68 0 
 135	68	2	66 2 
 136	68	2	52 16 
 137	68	2	53 15 
 138	68	2	4 64 
 139	68	2	54 14 
 140	68	2	4 64 
 141	68	2	65 3 
 142	68	2	1 67 
 143	68	2	63 5 
 144	68	2	6 62 
 145	68	2	10 58 
 146	68	2	59 9 
 147	68	2	7 61 
 148	68	2	25 43 
 149	68	2	56 12 
 150	68	2	21 47 
 151	68	2	16 52 

[pop]=3
 1	50	2	49 1 
 2	50	2	35 15 
 3	50	2	44 6 
 4	50	2	43 7 
 5	50	2	0 50 
 6	50	2	15 35 
 7	50	2	7 43 
 8	50	2	24 26 
 9	50	2	3 47 
 10	50	2	1 49 
 11	50	2	30 20 
 12	50	2	9 41 
 13	48	2	26 22 
 14	50	2	43 7 
 15	48	2	10 38 
 16	50	2	3 47 
 17	50	2	32 18 
 18	50	2	15 35 
 19	50	2	42 8 
 20	50	2	35 15 
 21	50	2	50 0 
 22	50	2	7 43 
 23	50	2	12 38 
 24	50	2	10 40 
 25	50	2	35 15 
 26	50	2	21 29 
 27	50	2	32 18 
 28	50	2	40 10 
 29	50	2	23 27 
 30	50	2	32 18 
 31	50	2	21 29 
 32	50	2	18 32 
 33	50	2	50 0 
 34	50	2	47 3 
 35	50	2	8 42 
 36	48	2	17 31 
 37	50	2	9 41 
 38	50	2	40 10 
 39	50	2	42 8 
 40	48	2	48 0 
 41	48	2	24 24 
 42	50	2	49 1 
 43	50	2	7 43 
 44	50	2	29 21 
 45	50	2	35 15 
 46	50	2	31 19 
 47	50	2	50 0 
 48	50	2	48 2 
 49	50	2	42 8 
 50	50	2	48 2 
 51	50	2	11 39 
 52	50	2	43 7 
 53	50	2	1 49 
 54	50	2	33 17 
 55	50	2	13 37 
 56	50	2	29 21 
 57	50	2	37 13 
 58	50	2	10 40 
 59	50	2	27 23 
 60	50	2	50 0 
 61	50	2	16 34 
 62	50	2	48 2 
 63	50	2	15 35 
 64	50	2	27 23 
 65	50	2	38 12 
 66	50	2	45 5 
 67	50	2	32 18 
 68	50	2	22 28 
 69	50	2	26 24 
 70	50	2	9 41 
 71	50	2	32 18 
 72	50	2	18 32 
 73	50	2	3 47 
 74	50	2	20 30 
 75	50	2	9 41 
 76	50	2	35 15 
 77	50	2	22 28 
 78	50	2	8 42 
 79	50	2	33 17 
 80	50	2	45 5 
 81	50	2	4 46 
 82	50	2	16 34 
 83	50	2	47 3 
 84	50	2	48 2 
 85	50	2	45 5 
 86	50	2	44 6 
 87	50	2	22 28 
 88	48	2	1 47 
 89	50	2	16 34 
 90	50	2	8 42 
 91	50	2	33 17 
 92	50	2	2 48 
 93	50	2	31 19 
 94	50	2	49 1 
 95	50	2	48 2 
 96	50	2	9 41 
 97	50	2	4 46 
 98	46	2	46 0 
 99	50	2	15 35 
 100	50	2	40 10 
 101	50	2	37 13 
 102	50	2	30 20 
 103	50	2	12 38 
 104	50	2	3 47 
 105	50	2	12 38 
 106	50	2	41 9 
 107	50	2	5 45 
 108	50	2	50 0 
 109	50	2	36 14 
 110	36	2	0 36 
 111	50	2	42 8 
 112	50	2	2 48 
 113	50	2	29 21 
 114	50	2	45 5 
 115	50	2	0 50 
 116	50	2	49 1 
 117	50	2	0 50 
 118	50	2	43 7 
 119	50	2	37 13 
 120	50	2	49 1 
 121	50	2	44 6 
 122	50	2	0 50 
 123	50	2	5 45 
 124	50	2	42 8 
 125	50	2	0 50 
 126	50	2	37 13 
 127	50	2	48 2 
 128	50	2	8 42 
 129	50	2	50 0 
 130	50	2	22 28 
 131	50	2	29 21 
 132	50	2	44 6 
 133	50	2	5 45 
 134	50	2	50 0 
 135	50	2	44 6 
 136	50	2	39 11 
 137	50	2	37 13 
 138	50	2	5 45 
 139	50	2	37 13 
 140	50	2	3 47 
 141	50	2	49 1 
 142	50	2	3 47 
 143	50	2	48 2 
 144	50	2	16 34 
 145	50	2	4 46 
 146	50	2	48 2 
 147	50	2	6 44 
 148	50	2	9 41 
 149	50	2	46 4 
 150	50	2	32 18 
 151	50	2	7 43 

[pop]=4
 1	88	2	85 3 
 2	88	2	44 44 
 3	88	2	72 16 
 4	88	2	56 32 
 5	88	2	7 81 
 6	88	2	29 59 
 7	88	2	6 82 
 8	88	2	50 38 
 9	88	2	13 75 
 10	88	2	2 86 
 11	88	2	73 15 
 12	88	2	8 80 
 13	86	2	54 32 
 14	88	2	76 12 
 15	78	2	35 43 
 16	88	2	3 85 
 17	88	2	68 20 
 18	88	2	29 59 
 19	88	2	75 13 
 20	88	2	62 26 
 21	86	2	79 7 
 22	88	2	35 53 
 23	88	2	30 58 
 24	88	2	34 54 
 25	88	2	52 36 
 26	88	2	48 40 
 27	88	2	53 35 
 28	88	2	63 25 
 29	88	2	24 64 
 30	88	2	41 47 
 31	88	2	29 59 
 32	88	2	43 45 
 33	88	2	79 9 
 34	86	2	83 3 
 35	88	2	13 75 
 36	86	2	27 59 
 37	88	2	38 50 
 38	88	2	64 24 
 39	88	2	72 16 
 40	86	2	84 2 
 41	88	2	54 34 
 42	88	2	79 9 
 43	88	2	9 79 
 44	88	2	40 48 
 45	86	2	76 10 
 46	88	2	52 36 
 47	86	2	80 6 
 48	88	2	80 8 
 49	88	2	84 4 
 50	88	2	82 6 
 51	88	2	13 75 
 52	88	2	64 24 
 53	86	2	0 86 
 54	88	2	59 29 
 55	86	2	23 63 
 56	88	2	63 25 
 57	88	2	34 54 
 58	88	2	19 69 
 59	88	2	56 32 
 60	88	2	74 14 
 61	88	2	30 58 
 62	88	2	82 6 
 63	88	2	35 53 
 64	88	2	53 35 
 65	88	2	72 16 
 66	88	2	80 8 
 67	88	2	78 10 
 68	88	2	31 57 
 69	88	2	56 32 
 70	88	2	22 66 
 71	88	2	53 35 
 72	88	2	25 63 
 73	88	2	14 74 
 74	88	2	30 58 
 75	88	2	29 59 
 76	88	2	53 35 
 77	88	2	36 52 
 78	88	2	24 64 
 79	88	2	39 49 
 80	84	2	77 7 
 81	88	2	12 76 
 82	88	2	35 53 
 83	88	2	88 0 
 84	88	2	83 5 
 85	80	2	66 14 
 86	86	2	66 20 
 87	88	2	51 37 
 88	88	2	20 68 
 89	88	2	33 55 
 90	88	2	22 66 
 91	88	2	63 25 
 92	88	2	9 79 
 93	88	2	55 33 
 94	88	2	85 3 
 95	88	2	76 12 
 96	88	2	32 56 
 97	88	2	4 84 
 98	82	2	81 1 
 99	88	2	21 67 
 100	88	2	68 20 
 101	86	2	59 27 
 102	88	2	62 26 
 103	88	2	14 74 
 104	88	2	8 80 
 105	88	2	36 52 
 106	88	2	69 19 
 107	88	2	4 84 
 108	88	2	72 16 
 109	88	2	41 47 
 110	60	2	1 59 
 111	88	2	86 2 
 112	88	2	11 77 
 113	88	2	37 51 
 114	88	2	67 21 
 115	88	2	8 80 
 116	88	2	83 5 
 117	88	2	6 82 
 118	88	2	78 10 
 119	88	2	78 10 
 120	88	2	86 2 
 121	88	2	74 14 
 122	88	2	2 86 
 123	76	2	8 68 
 124	88	2	77 11 
 125	88	2	1 87 
 126	88	2	54 34 
 127	88	2	85 3 
 128	88	2	5 83 
 129	88	2	81 7 
 130	84	2	40 44 
 131	88	2	50 38 
 132	88	2	79 9 
 133	88	2	15 73 
 134	88	2	85 3 
 135	88	2	79 9 
 136	88	2	78 10 
 137	88	2	69 19 
 138	88	2	11 77 
 139	88	2	65 23 
 140	88	2	1 87 
 141	88	2	81 7 
 142	88	2	12 76 
 143	88	2	79 9 
 144	88	2	19 69 
 145	88	2	7 81 
 146	88	2	66 22 
 147	88	2	6 82 
 148	88	2	22 66 
 149	88	2	65 23 
 150	88	2	54 34 
 151	88	2	10 78 

[pop]=5
 1	212	2	198 14 
 2	214	2	106 108 
 3	214	2	166 48 
 4	214	2	172 42 
 5	214	2	18 196 
 6	214	2	55 159 
 7	214	2	39 175 
 8	214	2	120 94 
 9	214	2	12 202 
 10	214	2	7 207 
 11	214	2	142 72 
 12	214	2	24 190 
 13	214	2	143 71 
 14	214	2	191 23 
 15	192	2	96 96 
 16	214	2	29 185 
 17	214	2	156 58 
 18	214	2	105 109 
 19	214	2	172 42 
 20	214	2	153 61 
 21	214	2	212 2 
 22	210	2	73 137 
 23	214	2	75 139 
 24	214	2	100 114 
 25	214	2	120 94 
 26	214	2	96 118 
 27	214	2	136 78 
 28	212	2	128 84 
 29	214	2	62 152 
 30	214	2	79 135 
 31	214	2	105 109 
 32	214	2	77 137 
 33	214	2	202 12 
 34	212	2	211 1 
 35	214	2	77 137 
 36	194	2	73 121 
 37	214	2	76 138 
 38	214	2	143 71 
 39	214	2	145 69 
 40	214	2	204 10 
 41	210	2	110 100 
 42	212	2	173 39 
 43	214	2	55 159 
 44	210	2	123 87 
 45	214	2	154 60 
 46	214	2	139 75 
 47	210	2	205 5 
 48	212	2	199 13 
 49	214	2	201 13 
 50	214	2	185 29 
 51	214	2	24 190 
 52	214	2	184 30 
 53	214	2	11 203 
 54	214	2	146 68 
 55	200	2	81 119 
 56	214	2	147 67 
 57	214	2	93 121 
 58	214	2	54 160 
 59	212	2	127 85 
 60	214	2	190 24 
 61	214	2	77 137 
 62	214	2	189 25 
 63	214	2	109 105 
 64	214	2	104 110 
 65	214	2	141 73 
 66	214	2	176 38 
 67	214	2	196 18 
 68	214	2	62 152 
 69	214	2	87 127 
 70	214	2	35 179 
 71	214	2	146 68 
 72	214	2	71 143 
 73	214	2	14 200 
 74	214	2	85 129 
 75	214	2	42 172 
 76	214	2	90 124 
 77	214	2	44 170 
 78	214	2	61 153 
 79	212	2	123 89 
 80	214	2	193 21 
 81	212	2	55 157 
 82	214	2	72 142 
 83	214	2	210 4 
 84	214	2	214 0 
 85	196	2	172 24 
 86	214	2	164 50 
 87	214	2	131 83 
 88	180	2	46 134 
 89	214	2	74 140 
 90	214	2	35 179 
 91	214	2	159 55 
 92	214	2	2 212 
 93	214	2	134 80 
 94	212	2	208 4 
 95	214	2	203 11 
 96	214	2	56 158 
 97	214	2	8 206 
 98	214	2	212 2 
 99	214	2	47 167 
 100	214	2	161 53 
 101	214	2	166 48 
 102	214	2	138 76 
 103	214	2	31 183 
 104	214	2	19 195 
 105	214	2	85 129 
 106	214	2	149 65 
 107	214	2	15 199 
 108	214	2	187 27 
 109	214	2	95 119 
 110	214	2	17 197 
 111	214	2	207 7 
 112	214	2	22 192 
 113	214	2	99 115 
 114	214	2	181 33 
 115	210	2	4 206 
 116	214	2	203 11 
 117	214	2	10 204 
 118	214	2	203 11 
 119	214	2	181 33 
 120	214	2	210 4 
 121	214	2	158 56 
 122	214	2	3 211 
 123	204	2	29 175 
 124	214	2	176 38 
 125	214	2	0 214 
 126	212	2	147 65 
 127	212	2	211 1 
 128	214	2	3 211 
 129	214	2	196 18 
 130	196	2	92 104 
 131	214	2	138 76 
 132	214	2	208 6 
 133	210	2	20 190 
 134	214	2	211 3 
 135	214	2	198 16 
 136	214	2	160 54 
 137	214	2	180 34 
 138	214	2	36 178 
 139	214	2	142 72 
 140	214	2	0 214 
 141	214	2	192 22 
 142	214	2	19 195 
 143	214	2	190 24 
 144	214	2	51 163 
 145	214	2	9 205 
 146	214	2	191 23 
 147	214	2	24 190 
 148	214	2	55 159 
 149	214	2	162 52 
 150	214	2	99 115 
 151	214	2	26 188 

[pop]=6
 1	36	2	36 0 
 2	36	2	24 12 
 3	36	2	31 5 
 4	36	2	21 15 
 5	36	2	1 35 
 6	36	2	9 27 
 7	36	2	5 31 
 8	36	2	24 12 
 9	36	2	1 35 
 10	36	2	1 35 
 11	36	2	8 28 
 12	36	2	6 30 
 13	36	2	30 6 
 14	36	2	34 2 
 15	36	2	20 16 
 16	36	2	1 35 
 17	36	2	35 1 
 18	36	2	19 17 
 19	36	2	25 11 
 20	36	2	24 12 
 21	36	2	36 0 
 22	36	2	11 25 
 23	36	2	16 20 
 24	36	2	19 17 
 25	36	2	23 13 
 26	36	2	21 15 
 27	36	2	25 11 
 28	36	2	25 11 
 29	36	2	9 27 
 30	36	2	14 22 
 31	36	2	4 32 
 32	36	2	18 18 
 33	36	2	34 2 
 34	36	2	36 0 
 35	36	2	17 19 
 36	36	2	4 32 
 37	36	2	4 32 
 38	36	2	30 6 
 39	36	2	29 7 
 40	36	2	33 3 
 41	36	2	22 14 
 42	36	2	30 6 
 43	36	2	3 33 
 44	36	2	30 6 
 45	36	2	24 12 
 46	36	2	15 21 
 47	36	2	36 0 
 48	36	2	29 7 
 49	36	2	31 5 
 50	36	2	35 1 
 51	36	2	5 31 
 52	36	2	28 8 
 53	36	2	0 36 
 54	36	2	30 6 
 55	34	2	10 24 
 56	36	2	28 8 
 57	36	2	16 20 
 58	36	2	3 33 
 59	36	2	12 24 
 60	36	2	31 5 
 61	36	2	11 25 
 62	36	2	36 0 
 63	36	2	18 18 
 64	36	2	26 10 
 65	36	2	24 12 
 66	36	2	33 3 
 67	36	2	33 3 
 68	36	2	33 3 
 69	36	2	11 25 
 70	36	2	12 24 
 71	34	2	27 7 
 72	36	2	4 32 
 73	36	2	2 34 
 74	36	2	7 29 
 75	36	2	11 25 
 76	36	2	18 18 
 77	36	2	21 15 
 78	36	2	7 29 
 79	36	2	22 14 
 80	36	2	36 0 
 81	36	2	7 29 
 82	36	2	12 24 
 83	36	2	36 0 
 84	36	2	36 0 
 85	30	2	28 2 
 86	32	2	17 15 
 87	36	2	13 23 
 88	34	2	0 34 
 89	36	2	27 9 
 90	36	2	21 15 
 91	36	2	27 9 
 92	36	2	7 29 
 93	36	2	13 23 
 94	36	2	36 0 
 95	36	2	33 3 
 96	36	2	11 25 
 97	36	2	0 36 
 98	34	2	34 0 
 99	36	2	12 24 
 100	36	2	31 5 
 101	36	2	21 15 
 102	36	2	24 12 
 103	36	2	8 28 
 104	36	2	0 36 
 105	36	2	12 24 
 106	36	2	35 1 
 107	36	2	0 36 
 108	36	2	33 3 
 109	36	2	26 10 
 110	32	2	5 27 
 111	36	2	28 8 
 112	36	2	3 33 
 113	36	2	11 25 
 114	36	2	29 7 
 115	36	2	0 36 
 116	36	2	31 5 
 117	36	2	0 36 
 118	36	2	32 4 
 119	36	2	33 3 
 120	36	2	36 0 
 121	36	2	33 3 
 122	36	2	0 36 
 123	36	2	5 31 
 124	36	2	33 3 
 125	36	2	0 36 
 126	36	2	22 14 
 127	36	2	36 0 
 128	36	2	0 36 
 129	36	2	36 0 
 130	32	2	15 17 
 131	36	2	28 8 
 132	36	2	36 0 
 133	36	2	0 36 
 134	36	2	36 0 
 135	36	2	36 0 
 136	36	2	31 5 
 137	36	2	26 10 
 138	36	2	5 31 
 139	34	2	21 13 
 140	36	2	0 36 
 141	36	2	36 0 
 142	36	2	0 36 
 143	36	2	34 2 
 144	36	2	1 35 
 145	36	2	3 33 
 146	36	2	36 0 
 147	36	2	7 29 
 148	36	2	20 16 
 149	36	2	23 13 
 150	36	2	26 10 
 151	36	2	1 35 

[pop]=7
 1	112	2	105 7 
 2	112	2	67 45 
 3	112	2	89 23 
 4	112	2	80 32 
 5	112	2	10 102 
 6	112	2	25 87 
 7	112	2	14 98 
 8	112	2	63 49 
 9	112	2	6 106 
 10	112	2	2 110 
 11	112	2	83 29 
 12	112	2	10 102 
 13	112	2	78 34 
 14	112	2	99 13 
 15	100	2	53 47 
 16	112	2	12 100 
 17	112	2	83 29 
 18	112	2	51 61 
 19	112	2	82 30 
 20	112	2	81 31 
 21	112	2	111 1 
 22	112	2	32 80 
 23	112	2	37 75 
 24	112	2	58 54 
 25	112	2	83 29 
 26	112	2	60 52 
 27	112	2	76 36 
 28	110	2	74 36 
 29	112	2	40 72 
 30	112	2	50 62 
 31	112	2	52 60 
 32	112	2	58 54 
 33	112	2	102 10 
 34	112	2	108 4 
 35	112	2	36 76 
 36	102	2	38 64 
 37	112	2	48 64 
 38	112	2	81 31 
 39	112	2	87 25 
 40	112	2	97 15 
 41	112	2	69 43 
 42	112	2	104 8 
 43	112	2	24 88 
 44	102	2	48 54 
 45	112	2	90 22 
 46	112	2	61 51 
 47	112	2	110 2 
 48	112	2	102 10 
 49	112	2	102 10 
 50	112	2	105 7 
 51	112	2	21 91 
 52	112	2	107 5 
 53	112	2	4 108 
 54	112	2	75 37 
 55	106	2	44 62 
 56	112	2	69 43 
 57	112	2	33 79 
 58	112	2	26 86 
 59	112	2	67 45 
 60	112	2	100 12 
 61	112	2	44 68 
 62	112	2	98 14 
 63	112	2	64 48 
 64	112	2	69 43 
 65	112	2	77 35 
 66	112	2	99 13 
 67	112	2	96 16 
 68	112	2	45 67 
 69	112	2	60 52 
 70	112	2	15 97 
 71	112	2	87 25 
 72	112	2	30 82 
 73	112	2	4 108 
 74	112	2	47 65 
 75	112	2	25 87 
 76	110	2	45 65 
 77	112	2	40 72 
 78	112	2	30 82 
 79	112	2	50 62 
 80	112	2	87 25 
 81	112	2	29 83 
 82	112	2	36 76 
 83	112	2	109 3 
 84	112	2	109 3 
 85	110	2	97 13 
 86	110	2	89 21 
 87	112	2	57 55 
 88	112	2	22 90 
 89	112	2	39 73 
 90	112	2	21 91 
 91	110	2	83 27 
 92	108	2	6 102 
 93	112	2	70 42 
 94	112	2	110 2 
 95	112	2	100 12 
 96	112	2	27 85 
 97	112	2	4 108 
 98	112	2	111 1 
 99	112	2	26 86 
 100	112	2	100 12 
 101	112	2	93 19 
 102	110	2	64 46 
 103	112	2	14 98 
 104	110	2	15 95 
 105	110	2	40 70 
 106	112	2	88 24 
 107	110	2	8 102 
 108	112	2	94 18 
 109	112	2	59 53 
 110	112	2	4 108 
 111	110	2	103 7 
 112	112	2	5 107 
 113	112	2	68 44 
 114	112	2	92 20 
 115	112	2	11 101 
 116	112	2	106 6 
 117	110	2	4 106 
 118	112	2	100 12 
 119	112	2	100 12 
 120	112	2	112 0 
 121	112	2	82 30 
 122	112	2	0 112 
 123	112	2	13 99 
 124	112	2	94 18 
 125	112	2	0 112 
 126	112	2	84 28 
 127	112	2	112 0 
 128	112	2	6 106 
 129	112	2	108 4 
 130	102	2	52 50 
 131	112	2	77 35 
 132	112	2	108 4 
 133	112	2	16 96 
 134	112	2	106 6 
 135	112	2	98 14 
 136	112	2	89 23 
 137	112	2	91 21 
 138	112	2	18 94 
 139	112	2	86 26 
 140	112	2	0 112 
 141	112	2	107 5 
 142	112	2	3 109 
 143	112	2	99 13 
 144	112	2	13 99 
 145	112	2	3 109 
 146	112	2	96 16 
 147	112	2	11 101 
 148	112	2	30 82 
 149	112	2	82 30 
 150	112	2	59 53 
 151	112	2	17 95 

[pop]=8
 1	44	2	42 2 
 2	44	2	25 19 
 3	44	2	33 11 
 4	44	2	36 8 
 5	44	2	2 42 
 6	44	2	17 27 
 7	44	2	10 34 
 8	44	2	24 20 
 9	44	2	2 42 
 10	44	2	3 41 
 11	44	2	20 24 
 12	44	2	5 39 
 13	44	2	34 10 
 14	44	2	39 5 
 15	44	2	25 19 
 16	44	2	3 41 
 17	44	2	30 14 
 18	44	2	19 25 
 19	44	2	39 5 
 20	44	2	35 9 
 21	44	2	44 0 
 22	44	2	22 22 
 23	44	2	13 31 
 24	44	2	17 27 
 25	44	2	29 15 
 26	44	2	15 29 
 27	44	2	25 19 
 28	44	2	37 7 
 29	44	2	14 30 
 30	44	2	27 17 
 31	44	2	13 31 
 32	44	2	12 32 
 33	44	2	42 2 
 34	44	2	44 0 
 35	44	2	17 27 
 36	40	2	13 27 
 37	44	2	16 28 
 38	44	2	35 9 
 39	44	2	32 12 
 40	44	2	42 2 
 41	44	2	16 28 
 42	44	2	40 4 
 43	44	2	10 34 
 44	44	2	24 20 
 45	44	2	34 10 
 46	44	2	37 7 
 47	44	2	42 2 
 48	44	2	40 4 
 49	44	2	41 3 
 50	44	2	39 5 
 51	44	2	7 37 
 52	44	2	35 9 
 53	44	2	1 43 
 54	44	2	31 13 
 55	42	2	7 35 
 56	44	2	34 10 
 57	44	2	18 26 
 58	44	2	5 39 
 59	44	2	29 15 
 60	44	2	42 2 
 61	44	2	17 27 
 62	44	2	36 8 
 63	44	2	17 27 
 64	44	2	21 23 
 65	44	2	37 7 
 66	44	2	36 8 
 67	44	2	38 6 
 68	44	2	15 29 
 69	44	2	27 17 
 70	44	2	12 32 
 71	44	2	35 9 
 72	44	2	19 25 
 73	44	2	2 42 
 74	44	2	17 27 
 75	44	2	9 35 
 76	44	2	13 31 
 77	44	2	9 35 
 78	44	2	13 31 
 79	44	2	19 25 
 80	42	2	34 8 
 81	44	2	8 36 
 82	44	2	21 23 
 83	44	2	43 1 
 84	44	2	40 4 
 85	40	2	36 4 
 86	44	2	40 4 
 87	44	2	30 14 
 88	44	2	16 28 
 89	44	2	11 33 
 90	44	2	12 32 
 91	44	2	30 14 
 92	44	2	7 37 
 93	44	2	31 13 
 94	44	2	43 1 
 95	44	2	38 6 
 96	44	2	9 35 
 97	44	2	3 41 
 98	44	2	44 0 
 99	44	2	10 34 
 100	44	2	31 13 
 101	44	2	27 17 
 102	44	2	28 16 
 103	44	2	6 38 
 104	44	2	11 33 
 105	44	2	15 29 
 106	44	2	37 7 
 107	44	2	0 44 
 108	44	2	41 3 
 109	44	2	29 15 
 110	44	2	2 42 
 111	44	2	43 1 
 112	44	2	3 41 
 113	44	2	18 26 
 114	44	2	27 17 
 115	44	2	0 44 
 116	44	2	44 0 
 117	44	2	0 44 
 118	44	2	40 4 
 119	44	2	40 4 
 120	44	2	44 0 
 121	44	2	40 4 
 122	44	2	1 43 
 123	44	2	8 36 
 124	44	2	39 5 
 125	44	2	0 44 
 126	44	2	31 13 
 127	44	2	44 0 
 128	44	2	2 42 
 129	44	2	37 7 
 130	42	2	18 24 
 131	44	2	29 15 
 132	44	2	37 7 
 133	44	2	13 31 
 134	44	2	44 0 
 135	44	2	41 3 
 136	44	2	32 12 
 137	44	2	35 9 
 138	44	2	5 39 
 139	44	2	34 10 
 140	44	2	0 44 
 141	44	2	43 1 
 142	44	2	5 39 
 143	44	2	39 5 
 144	44	2	9 35 
 145	44	2	5 39 
 146	44	2	34 10 
 147	44	2	5 39 
 148	44	2	7 37 
 149	44	2	35 9 
 150	44	2	27 17 
 151	44	2	6 38 

[pop]=9
 1	36	2	35 1 
 2	36	2	22 14 
 3	36	2	24 12 
 4	36	2	34 2 
 5	36	2	0 36 
 6	36	2	6 30 
 7	36	2	7 29 
 8	36	2	21 15 
 9	36	2	0 36 
 10	36	2	0 36 
 11	36	2	23 13 
 12	36	2	8 28 
 13	36	2	23 13 
 14	36	2	33 3 
 15	34	2	17 17 
 16	36	2	4 32 
 17	36	2	26 10 
 18	36	2	12 24 
 19	36	2	27 9 
 20	36	2	25 11 
 21	36	2	34 2 
 22	36	2	13 23 
 23	36	2	19 17 
 24	36	2	16 20 
 25	36	2	26 10 
 26	36	2	17 19 
 27	36	2	19 17 
 28	36	2	32 4 
 29	36	2	18 18 
 30	36	2	20 16 
 31	36	2	15 21 
 32	36	2	19 17 
 33	36	2	35 1 
 34	36	2	34 2 
 35	36	2	13 23 
 36	34	2	8 26 
 37	36	2	8 28 
 38	36	2	30 6 
 39	36	2	31 5 
 40	36	2	35 1 
 41	36	2	16 20 
 42	36	2	27 9 
 43	36	2	6 30 
 44	36	2	18 18 
 45	34	2	24 10 
 46	36	2	19 17 
 47	36	2	35 1 
 48	36	2	34 2 
 49	36	2	33 3 
 50	36	2	35 1 
 51	36	2	4 32 
 52	36	2	27 9 
 53	36	2	1 35 
 54	36	2	13 23 
 55	34	2	11 23 
 56	36	2	23 13 
 57	36	2	13 23 
 58	36	2	20 16 
 59	36	2	21 15 
 60	36	2	33 3 
 61	34	2	6 28 
 62	36	2	31 5 
 63	36	2	20 16 
 64	36	2	24 12 
 65	36	2	32 4 
 66	36	2	23 13 
 67	36	2	34 2 
 68	36	2	13 23 
 69	36	2	18 18 
 70	36	2	12 24 
 71	36	2	33 3 
 72	36	2	19 17 
 73	36	2	3 33 
 74	36	2	17 19 
 75	36	2	4 32 
 76	36	2	26 10 
 77	36	2	18 18 
 78	36	2	11 25 
 79	36	2	16 20 
 80	36	2	28 8 
 81	36	2	8 28 
 82	36	2	8 28 
 83	36	2	36 0 
 84	36	2	36 0 
 85	32	2	27 5 
 86	36	2	30 6 
 87	36	2	9 27 
 88	34	2	8 26 
 89	36	2	2 34 
 90	36	2	10 26 
 91	36	2	20 16 
 92	36	2	0 36 
 93	36	2	22 14 
 94	36	2	35 1 
 95	36	2	32 4 
 96	36	2	16 20 
 97	36	2	7 29 
 98	36	2	35 1 
 99	36	2	9 27 
 100	36	2	26 10 
 101	36	2	27 9 
 102	36	2	25 11 
 103	36	2	8 28 
 104	36	2	9 27 
 105	36	2	9 27 
 106	36	2	27 9 
 107	36	2	5 31 
 108	36	2	28 8 
 109	36	2	19 17 
 110	36	2	1 35 
 111	36	2	35 1 
 112	36	2	1 35 
 113	36	2	18 18 
 114	36	2	30 6 
 115	36	2	2 34 
 116	36	2	36 0 
 117	36	2	0 36 
 118	36	2	33 3 
 119	36	2	34 2 
 120	36	2	36 0 
 121	36	2	29 7 
 122	36	2	0 36 
 123	36	2	3 33 
 124	36	2	32 4 
 125	36	2	1 35 
 126	36	2	22 14 
 127	36	2	36 0 
 128	36	2	1 35 
 129	36	2	34 2 
 130	34	2	21 13 
 131	36	2	28 8 
 132	36	2	35 1 
 133	34	2	2 32 
 134	36	2	35 1 
 135	36	2	30 6 
 136	36	2	32 4 
 137	36	2	31 5 
 138	36	2	2 34 
 139	36	2	23 13 
 140	36	2	0 36 
 141	36	2	32 4 
 142	36	2	3 33 
 143	36	2	34 2 
 144	36	2	8 28 
 145	36	2	1 35 
 146	36	2	33 3 
 147	36	2	2 34 
 148	36	2	13 23 
 149	36	2	21 15 
 150	36	2	18 18 
 151	36	2	5 31 

[pop]=10
 1	36	2	31 5 
 2	36	2	19 17 
 3	36	2	28 8 
 4	36	2	27 9 
 5	36	2	2 34 
 6	36	2	4 32 
 7	36	2	1 35 
 8	36	2	12 24 
 9	36	2	2 34 
 10	36	2	2 34 
 11	36	2	27 9 
 12	36	2	3 33 
 13	36	2	27 9 
 14	36	2	33 3 
 15	36	2	14 22 
 16	36	2	10 26 
 17	36	2	26 10 
 18	36	2	19 17 
 19	36	2	31 5 
 20	36	2	26 10 
 21	36	2	35 1 
 22	36	2	14 22 
 23	36	2	14 22 
 24	36	2	12 24 
 25	36	2	16 20 
 26	36	2	15 21 
 27	36	2	20 16 
 28	36	2	23 13 
 29	36	2	8 28 
 30	36	2	22 14 
 31	36	2	19 17 
 32	36	2	9 27 
 33	36	2	32 4 
 34	36	2	35 1 
 35	36	2	9 27 
 36	36	2	14 22 
 37	36	2	12 24 
 38	36	2	30 6 
 39	36	2	30 6 
 40	36	2	36 0 
 41	36	2	19 17 
 42	36	2	30 6 
 43	36	2	9 27 
 44	36	2	21 15 
 45	36	2	30 6 
 46	36	2	12 24 
 47	36	2	36 0 
 48	36	2	33 3 
 49	36	2	33 3 
 50	36	2	35 1 
 51	36	2	7 29 
 52	36	2	29 7 
 53	36	2	0 36 
 54	36	2	25 11 
 55	36	2	17 19 
 56	36	2	26 10 
 57	36	2	14 22 
 58	36	2	7 29 
 59	36	2	20 16 
 60	36	2	35 1 
 61	36	2	9 27 
 62	36	2	30 6 
 63	36	2	16 20 
 64	36	2	17 19 
 65	36	2	35 1 
 66	36	2	27 9 
 67	36	2	31 5 
 68	36	2	14 22 
 69	36	2	23 13 
 70	36	2	10 26 
 71	36	2	27 9 
 72	36	2	15 21 
 73	36	2	0 36 
 74	36	2	19 17 
 75	36	2	4 32 
 76	36	2	20 16 
 77	36	2	5 31 
 78	36	2	8 28 
 79	36	2	18 18 
 80	34	2	27 7 
 81	36	2	6 30 
 82	36	2	10 26 
 83	36	2	35 1 
 84	36	2	36 0 
 85	36	2	34 2 
 86	36	2	21 15 
 87	36	2	24 12 
 88	36	2	7 29 
 89	36	2	12 24 
 90	36	2	10 26 
 91	36	2	30 6 
 92	36	2	1 35 
 93	36	2	17 19 
 94	36	2	36 0 
 95	36	2	32 4 
 96	36	2	14 22 
 97	36	2	5 31 
 98	36	2	34 2 
 99	36	2	15 21 
 100	36	2	29 7 
 101	36	2	29 7 
 102	36	2	17 19 
 103	36	2	11 25 
 104	36	2	1 35 
 105	36	2	10 26 
 106	36	2	29 7 
 107	36	2	3 33 
 108	36	2	32 4 
 109	36	2	16 20 
 110	36	2	2 34 
 111	36	2	36 0 
 112	36	2	8 28 
 113	36	2	20 16 
 114	36	2	31 5 
 115	36	2	3 33 
 116	36	2	36 0 
 117	36	2	3 33 
 118	36	2	31 5 
 119	36	2	31 5 
 120	36	2	35 1 
 121	36	2	26 10 
 122	36	2	2 34 
 123	36	2	2 34 
 124	36	2	24 12 
 125	36	2	1 35 
 126	36	2	22 14 
 127	36	2	36 0 
 128	36	2	2 34 
 129	36	2	30 6 
 130	36	2	20 16 
 131	36	2	23 13 
 132	36	2	33 3 
 133	36	2	1 35 
 134	36	2	36 0 
 135	36	2	34 2 
 136	36	2	28 8 
 137	36	2	33 3 
 138	36	2	4 32 
 139	36	2	29 7 
 140	36	2	3 33 
 141	36	2	32 4 
 142	36	2	6 30 
 143	36	2	30 6 
 144	36	2	6 30 
 145	36	2	0 36 
 146	36	2	35 1 
 147	36	2	1 35 
 148	36	2	7 29 
 149	36	2	33 3 
 150	36	2	22 14 
 151	36	2	4 32 


