[loci]=24

[populations]=10

[pop]=1
 1	42	2	41 1 
 2	42	2	30 12 
 3	42	2	3 39 
 4	42	2	23 19 
 5	40	2	13 27 
 6	42	2	17 25 
 7	36	2	31 5 
 8	42	2	40 2 
 9	42	2	39 3 
 10	42	2	4 38 
 11	42	2	23 19 
 12	42	2	15 27 
 13	42	2	12 30 
 14	42	2	35 7 
 15	42	2	21 21 
 16	42	2	19 23 
 17	42	2	18 24 
 18	42	2	2 40 
 19	42	2	0 42 
 20	42	2	31 11 
 21	42	2	37 5 
 22	42	2	26 16 
 23	42	2	1 41 
 24	42	2	16 26 

[pop]=2
 1	68	2	67 1 
 2	68	2	41 27 
 3	68	2	19 49 
 4	68	2	40 28 
 5	68	2	7 61 
 6	68	2	19 49 
 7	46	2	44 2 
 8	68	2	59 9 
 9	68	2	66 2 
 10	68	2	0 68 
 11	68	2	48 20 
 12	68	2	22 46 
 13	68	2	19 49 
 14	68	2	42 26 
 15	68	2	24 44 
 16	68	2	29 39 
 17	68	2	38 30 
 18	68	2	1 67 
 19	68	2	1 67 
 20	68	2	54 14 
 21	68	2	63 5 
 22	68	2	45 23 
 23	68	2	1 67 
 24	68	2	13 55 

[pop]=3
 1	50	2	50 0 
 2	50	2	35 15 
 3	50	2	9 41 
 4	50	2	29 21 
 5	50	2	5 45 
 6	50	2	13 37 
 7	36	2	36 0 
 8	50	2	44 6 
 9	50	2	41 9 
 10	50	2	1 49 
 11	50	2	32 18 
 12	50	2	18 32 
 13	50	2	17 33 
 14	50	2	49 1 
 15	50	2	22 28 
 16	50	2	28 22 
 17	50	2	17 33 
 18	50	2	2 48 
 19	50	2	0 50 
 20	50	2	36 14 
 21	50	2	46 4 
 22	50	2	44 6 
 23	50	2	5 45 
 24	50	2	7 43 

[pop]=4
 1	88	2	85 3 
 2	88	2	66 22 
 3	88	2	16 72 
 4	88	2	44 44 
 5	88	2	13 75 
 6	86	2	34 52 
 7	54	2	47 7 
 8	88	2	85 3 
 9	88	2	78 10 
 10	88	2	7 81 
 11	88	2	51 37 
 12	88	2	34 54 
 13	88	2	21 67 
 14	88	2	68 20 
 15	88	2	29 59 
 16	88	2	45 43 
 17	88	2	34 54 
 18	88	2	10 78 
 19	88	2	3 85 
 20	88	2	72 16 
 21	88	2	82 6 
 22	88	2	56 32 
 23	88	2	11 77 
 24	84	2	26 58 

[pop]=5
 1	214	2	206 8 
 2	212	2	146 66 
 3	214	2	38 176 
 4	214	2	119 95 
 5	214	2	29 185 
 6	214	2	71 143 
 7	212	2	182 30 
 8	214	2	202 12 
 9	214	2	197 17 
 10	214	2	11 203 
 11	212	2	127 85 
 12	212	2	69 143 
 13	214	2	55 159 
 14	214	2	155 59 
 15	214	2	67 147 
 16	214	2	117 97 
 17	214	2	83 131 
 18	214	2	12 202 
 19	214	2	0 214 
 20	214	2	168 46 
 21	214	2	201 13 
 22	214	2	164 50 
 23	214	2	30 184 
 24	202	2	83 119 

[pop]=6
 1	36	2	36 0 
 2	30	2	18 12 
 3	36	2	5 31 
 4	36	2	29 7 
 5	36	2	6 30 
 6	34	2	10 24 
 7	30	2	27 3 
 8	36	2	35 1 
 9	36	2	25 11 
 10	36	2	0 36 
 11	36	2	24 12 
 12	36	2	11 25 
 13	36	2	3 33 
 14	36	2	27 9 
 15	36	2	14 22 
 16	36	2	28 8 
 17	36	2	14 22 
 18	36	2	0 36 
 19	36	2	0 36 
 20	36	2	34 2 
 21	36	2	29 7 
 22	36	2	22 14 
 23	36	2	0 36 
 24	36	2	2 34 

[pop]=7
 1	112	2	110 2 
 2	112	2	85 27 
 3	112	2	9 103 
 4	112	2	70 42 
 5	112	2	22 90 
 6	110	2	37 73 
 7	112	2	103 9 
 8	108	2	101 7 
 9	112	2	108 4 
 10	112	2	3 109 
 11	112	2	63 49 
 12	112	2	43 69 
 13	112	2	37 75 
 14	112	2	77 35 
 15	112	2	27 85 
 16	112	2	59 53 
 17	112	2	57 55 
 18	112	2	7 105 
 19	112	2	4 108 
 20	112	2	89 23 
 21	112	2	100 12 
 22	112	2	87 25 
 23	112	2	12 100 
 24	104	2	37 67 

[pop]=8
 1	44	2	44 0 
 2	44	2	25 19 
 3	44	2	12 32 
 4	44	2	26 18 
 5	44	2	2 42 
 6	44	2	5 39 
 7	44	2	42 2 
 8	44	2	42 2 
 9	44	2	42 2 
 10	44	2	1 43 
 11	44	2	19 25 
 12	44	2	22 22 
 13	44	2	12 32 
 14	44	2	30 14 
 15	44	2	15 29 
 16	44	2	22 22 
 17	44	2	18 26 
 18	44	2	1 43 
 19	44	2	0 44 
 20	44	2	40 4 
 21	44	2	41 3 
 22	44	2	31 13 
 23	44	2	6 38 
 24	36	2	14 22 

[pop]=9
 1	36	2	36 0 
 2	36	2	24 12 
 3	36	2	5 31 
 4	36	2	15 21 
 5	36	2	6 30 
 6	36	2	8 28 
 7	36	2	30 6 
 8	36	2	35 1 
 9	36	2	32 4 
 10	36	2	1 35 
 11	36	2	22 14 
 12	36	2	9 27 
 13	36	2	11 25 
 14	36	2	25 11 
 15	36	2	12 24 
 16	36	2	10 26 
 17	36	2	25 11 
 18	36	2	1 35 
 19	36	2	0 36 
 20	36	2	24 12 
 21	36	2	35 1 
 22	36	2	21 15 
 23	36	2	2 34 
 24	30	2	14 16 

[pop]=10
 1	36	2	36 0 
 2	36	2	33 3 
 3	36	2	5 31 
 4	36	2	21 15 
 5	36	2	8 28 
 6	36	2	12 24 
 7	36	2	34 2 
 8	36	2	36 0 
 9	36	2	34 2 
 10	36	2	0 36 
 11	36	2	28 8 
 12	36	2	14 22 
 13	36	2	5 31 
 14	36	2	32 4 
 15	36	2	9 27 
 16	36	2	15 21 
 17	36	2	12 24 
 18	36	2	0 36 
 19	36	2	0 36 
 20	36	2	32 4 
 21	36	2	27 9 
 22	36	2	34 2 
 23	36	2	1 35 
 24	36	2	13 23 


