[loci]=151

[populations]=23

[pop]=1
 1	86	2	81 5 
 2	86	2	33 53 
 3	86	2	66 20 
 4	86	2	50 36 
 5	86	2	8 78 
 6	86	2	32 54 
 7	84	2	16 68 
 8	86	2	45 41 
 9	86	2	3 83 
 10	86	2	4 82 
 11	86	2	63 23 
 12	86	2	6 80 
 13	86	2	53 33 
 14	86	2	77 9 
 15	86	2	46 40 
 16	86	2	7 79 
 17	86	2	73 13 
 18	86	2	49 37 
 19	86	2	57 29 
 20	86	2	55 31 
 21	86	2	77 9 
 22	86	2	42 44 
 23	86	2	21 65 
 24	86	2	32 54 
 25	86	2	52 34 
 26	86	2	49 37 
 27	86	2	36 50 
 28	86	2	52 34 
 29	86	2	23 63 
 30	86	2	44 42 
 31	86	2	21 65 
 32	86	2	44 42 
 33	86	2	70 16 
 34	84	2	77 7 
 35	86	2	4 82 
 36	86	2	31 55 
 37	86	2	30 56 
 38	86	2	67 19 
 39	86	2	68 18 
 40	86	2	80 6 
 41	86	2	58 28 
 42	86	2	73 13 
 43	86	2	20 66 
 44	82	2	33 49 
 45	86	2	73 13 
 46	86	2	55 31 
 47	86	2	83 3 
 48	86	2	80 6 
 49	86	2	81 5 
 50	86	2	83 3 
 51	86	2	22 64 
 52	86	2	76 10 
 53	86	2	3 83 
 54	86	2	46 40 
 55	86	2	25 61 
 56	84	2	59 25 
 57	86	2	45 41 
 58	86	2	26 60 
 59	86	2	50 36 
 60	86	2	78 8 
 61	86	2	28 58 
 62	86	2	79 7 
 63	86	2	34 52 
 64	86	2	55 31 
 65	86	2	65 21 
 66	86	2	77 9 
 67	86	2	75 11 
 68	86	2	37 49 
 69	86	2	46 40 
 70	86	2	26 60 
 71	86	2	53 33 
 72	86	2	31 55 
 73	86	2	11 75 
 74	86	2	28 58 
 75	86	2	22 64 
 76	86	2	33 53 
 77	86	2	34 52 
 78	86	2	34 52 
 79	86	2	44 42 
 80	86	2	82 4 
 81	86	2	13 73 
 82	86	2	34 52 
 83	86	2	79 7 
 84	86	2	78 8 
 85	86	2	69 17 
 86	86	2	57 29 
 87	86	2	54 32 
 88	80	2	15 65 
 89	86	2	42 44 
 90	86	2	22 64 
 91	84	2	59 25 
 92	86	2	7 79 
 93	86	2	43 43 
 94	86	2	81 5 
 95	84	2	74 10 
 96	86	2	33 53 
 97	86	2	16 70 
 98	86	2	84 2 
 99	86	2	28 58 
 100	86	2	75 11 
 101	86	2	65 21 
 102	86	2	58 28 
 103	84	2	10 74 
 104	86	2	4 82 
 105	86	2	50 36 
 106	86	2	67 19 
 107	86	2	10 76 
 108	86	2	76 10 
 109	86	2	40 46 
 110	86	2	9 77 
 111	86	2	79 7 
 112	86	2	2 84 
 113	86	2	46 40 
 114	86	2	75 11 
 115	86	2	5 81 
 116	84	2	79 5 
 117	86	2	5 81 
 118	86	2	82 4 
 119	86	2	71 15 
 120	86	2	85 1 
 121	86	2	73 13 
 122	86	2	4 82 
 123	76	2	15 61 
 124	86	2	75 11 
 125	86	2	0 86 
 126	86	2	60 26 
 127	86	2	85 1 
 128	86	2	2 84 
 129	82	2	77 5 
 130	80	2	27 53 
 131	86	2	55 31 
 132	86	2	77 9 
 133	86	2	13 73 
 134	86	2	83 3 
 135	86	2	65 21 
 136	86	2	61 25 
 137	86	2	63 23 
 138	86	2	24 62 
 139	86	2	58 28 
 140	86	2	1 85 
 141	86	2	81 5 
 142	86	2	12 74 
 143	86	2	76 10 
 144	86	2	29 57 
 145	86	2	4 82 
 146	86	2	61 25 
 147	86	2	7 79 
 148	86	2	18 68 
 149	86	2	74 12 
 150	86	2	59 27 
 151	86	2	15 71 

[pop]=2
 1	210	2	209 1 
 2	210	2	86 124 
 3	208	2	156 52 
 4	210	2	110 100 
 5	210	2	10 200 
 6	210	2	71 139 
 7	206	2	38 168 
 8	210	2	112 98 
 9	210	2	20 190 
 10	208	2	13 195 
 11	210	2	158 52 
 12	210	2	7 203 
 13	210	2	143 67 
 14	210	2	194 16 
 15	198	2	73 125 
 16	210	2	19 191 
 17	208	2	159 49 
 18	202	2	91 111 
 19	210	2	169 41 
 20	210	2	134 76 
 21	210	2	207 3 
 22	210	2	93 117 
 23	210	2	46 164 
 24	210	2	85 125 
 25	210	2	130 80 
 26	210	2	75 135 
 27	210	2	115 95 
 28	210	2	120 90 
 29	210	2	56 154 
 30	210	2	121 89 
 31	210	2	66 144 
 32	210	2	131 79 
 33	210	2	188 22 
 34	208	2	195 13 
 35	210	2	38 172 
 36	208	2	84 124 
 37	210	2	110 100 
 38	210	2	166 44 
 39	210	2	159 51 
 40	210	2	194 16 
 41	210	2	178 32 
 42	210	2	195 15 
 43	210	2	44 166 
 44	206	2	105 101 
 45	210	2	195 15 
 46	210	2	156 54 
 47	206	2	196 10 
 48	210	2	198 12 
 49	210	2	204 6 
 50	210	2	206 4 
 51	210	2	49 161 
 52	210	2	196 14 
 53	208	2	9 199 
 54	210	2	113 97 
 55	210	2	43 167 
 56	210	2	137 73 
 57	210	2	79 131 
 58	210	2	30 180 
 59	210	2	139 71 
 60	210	2	185 25 
 61	210	2	85 125 
 62	210	2	203 7 
 63	210	2	81 129 
 64	210	2	150 60 
 65	210	2	156 54 
 66	210	2	191 19 
 67	210	2	171 39 
 68	210	2	59 151 
 69	210	2	138 72 
 70	210	2	56 154 
 71	210	2	128 82 
 72	210	2	77 133 
 73	210	2	30 180 
 74	208	2	79 129 
 75	210	2	61 149 
 76	210	2	112 98 
 77	210	2	85 125 
 78	210	2	92 118 
 79	208	2	79 129 
 80	208	2	184 24 
 81	210	2	26 184 
 82	210	2	61 149 
 83	210	2	199 11 
 84	210	2	201 9 
 85	202	2	169 33 
 86	210	2	176 34 
 87	210	2	117 93 
 88	182	2	36 146 
 89	208	2	97 111 
 90	208	2	47 161 
 91	206	2	148 58 
 92	210	2	6 204 
 93	208	2	115 93 
 94	210	2	196 14 
 95	210	2	197 13 
 96	206	2	103 103 
 97	210	2	13 197 
 98	210	2	204 6 
 99	210	2	58 152 
 100	210	2	184 26 
 101	210	2	153 57 
 102	210	2	138 72 
 103	206	2	19 187 
 104	210	2	33 177 
 105	210	2	99 111 
 106	210	2	167 43 
 107	210	2	17 193 
 108	210	2	189 21 
 109	210	2	126 84 
 110	210	2	13 197 
 111	208	2	195 13 
 112	210	2	14 196 
 113	210	2	122 88 
 114	208	2	166 42 
 115	208	2	4 204 
 116	210	2	204 6 
 117	208	2	5 203 
 118	210	2	178 32 
 119	210	2	186 24 
 120	208	2	202 6 
 121	210	2	183 27 
 122	208	2	2 206 
 123	208	2	38 170 
 124	210	2	175 35 
 125	210	2	2 208 
 126	210	2	133 77 
 127	210	2	207 3 
 128	210	2	2 208 
 129	202	2	194 8 
 130	206	2	114 92 
 131	208	2	160 48 
 132	210	2	181 29 
 133	210	2	42 168 
 134	210	2	201 9 
 135	210	2	186 24 
 136	210	2	176 34 
 137	210	2	175 35 
 138	208	2	42 166 
 139	210	2	124 86 
 140	210	2	2 208 
 141	210	2	189 21 
 142	210	2	27 183 
 143	208	2	182 26 
 144	210	2	33 177 
 145	210	2	20 190 
 146	210	2	157 53 
 147	208	2	33 175 
 148	210	2	50 160 
 149	210	2	162 48 
 150	210	2	115 95 
 151	208	2	44 164 

[pop]=3
 1	234	2	231 3 
 2	234	2	101 133 
 3	234	2	194 40 
 4	234	2	102 132 
 5	234	2	15 219 
 6	232	2	83 149 
 7	234	2	32 202 
 8	234	2	130 104 
 9	234	2	16 218 
 10	234	2	14 220 
 11	234	2	182 52 
 12	234	2	12 222 
 13	234	2	177 57 
 14	234	2	208 26 
 15	232	2	95 137 
 16	234	2	32 202 
 17	234	2	184 50 
 18	234	2	114 120 
 19	234	2	188 46 
 20	234	2	153 81 
 21	234	2	233 1 
 22	234	2	107 127 
 23	234	2	76 158 
 24	232	2	75 157 
 25	234	2	136 98 
 26	234	2	99 135 
 27	234	2	100 134 
 28	234	2	163 71 
 29	234	2	52 182 
 30	234	2	120 114 
 31	234	2	90 144 
 32	234	2	131 103 
 33	234	2	207 27 
 34	234	2	206 28 
 35	234	2	29 205 
 36	232	2	108 124 
 37	234	2	113 121 
 38	234	2	189 45 
 39	234	2	167 67 
 40	234	2	209 25 
 41	234	2	175 59 
 42	234	2	218 16 
 43	234	2	54 180 
 44	234	2	94 140 
 45	230	2	188 42 
 46	234	2	150 84 
 47	234	2	226 8 
 48	234	2	223 11 
 49	232	2	211 21 
 50	234	2	229 5 
 51	234	2	43 191 
 52	234	2	217 17 
 53	234	2	10 224 
 54	234	2	102 132 
 55	234	2	47 187 
 56	234	2	146 88 
 57	232	2	81 151 
 58	234	2	55 179 
 59	234	2	150 84 
 60	234	2	208 26 
 61	234	2	104 130 
 62	234	2	224 10 
 63	234	2	97 137 
 64	234	2	150 84 
 65	234	2	154 80 
 66	234	2	204 30 
 67	234	2	192 42 
 68	234	2	75 159 
 69	234	2	135 99 
 70	234	2	67 167 
 71	232	2	166 66 
 72	234	2	54 180 
 73	234	2	32 202 
 74	234	2	81 153 
 75	234	2	78 156 
 76	232	2	124 108 
 77	234	2	94 140 
 78	234	2	94 140 
 79	234	2	126 108 
 80	230	2	213 17 
 81	234	2	39 195 
 82	226	2	95 131 
 83	234	2	226 8 
 84	234	2	224 10 
 85	232	2	176 56 
 86	234	2	183 51 
 87	234	2	149 85 
 88	232	2	28 204 
 89	232	2	104 128 
 90	234	2	75 159 
 91	234	2	152 82 
 92	234	2	10 224 
 93	230	2	122 108 
 94	234	2	212 22 
 95	234	2	219 15 
 96	234	2	105 129 
 97	234	2	26 208 
 98	234	2	232 2 
 99	234	2	65 169 
 100	234	2	195 39 
 101	234	2	182 52 
 102	234	2	156 78 
 103	234	2	22 212 
 104	234	2	25 209 
 105	234	2	118 116 
 106	234	2	207 27 
 107	234	2	42 192 
 108	234	2	217 17 
 109	234	2	117 117 
 110	232	2	9 223 
 111	230	2	206 24 
 112	234	2	8 226 
 113	230	2	117 113 
 114	234	2	178 56 
 115	234	2	7 227 
 116	234	2	230 4 
 117	232	2	1 231 
 118	232	2	216 16 
 119	234	2	213 21 
 120	234	2	233 1 
 121	234	2	197 37 
 122	234	2	16 218 
 123	230	2	42 188 
 124	234	2	208 26 
 125	230	2	2 228 
 126	234	2	130 104 
 127	234	2	230 4 
 128	234	2	1 233 
 129	234	2	218 16 
 130	234	2	101 133 
 131	234	2	180 54 
 132	234	2	183 51 
 133	232	2	49 183 
 134	234	2	205 29 
 135	232	2	195 37 
 136	234	2	197 37 
 137	234	2	202 32 
 138	234	2	57 177 
 139	234	2	134 100 
 140	234	2	1 233 
 141	234	2	223 11 
 142	234	2	13 221 
 143	234	2	191 43 
 144	234	2	49 185 
 145	234	2	11 223 
 146	234	2	172 62 
 147	234	2	32 202 
 148	234	2	60 174 
 149	234	2	201 33 
 150	234	2	126 108 
 151	234	2	40 194 

[pop]=4
 1	74	2	72 2 
 2	74	2	34 40 
 3	74	2	60 14 
 4	74	2	45 29 
 5	74	2	7 67 
 6	74	2	26 48 
 7	72	2	13 59 
 8	74	2	40 34 
 9	74	2	1 73 
 10	74	2	2 72 
 11	74	2	47 27 
 12	74	2	6 68 
 13	74	2	54 20 
 14	74	2	72 2 
 15	74	2	33 41 
 16	74	2	6 68 
 17	74	2	59 15 
 18	74	2	35 39 
 19	74	2	54 20 
 20	74	2	44 30 
 21	74	2	71 3 
 22	72	2	42 30 
 23	74	2	36 38 
 24	74	2	40 34 
 25	74	2	36 38 
 26	74	2	33 41 
 27	74	2	48 26 
 28	72	2	43 29 
 29	74	2	16 58 
 30	74	2	43 31 
 31	74	2	19 55 
 32	74	2	46 28 
 33	74	2	60 14 
 34	72	2	70 2 
 35	74	2	14 60 
 36	74	2	39 35 
 37	74	2	41 33 
 38	74	2	61 13 
 39	74	2	68 6 
 40	74	2	67 7 
 41	74	2	56 18 
 42	74	2	63 11 
 43	74	2	11 63 
 44	72	2	39 33 
 45	68	2	55 13 
 46	74	2	31 43 
 47	74	2	61 13 
 48	74	2	72 2 
 49	74	2	67 7 
 50	74	2	73 1 
 51	74	2	8 66 
 52	74	2	68 6 
 53	74	2	2 72 
 54	74	2	41 33 
 55	72	2	6 66 
 56	72	2	55 17 
 57	74	2	24 50 
 58	74	2	20 54 
 59	74	2	44 30 
 60	74	2	63 11 
 61	74	2	41 33 
 62	74	2	63 11 
 63	74	2	35 39 
 64	74	2	52 22 
 65	74	2	47 27 
 66	74	2	55 19 
 67	74	2	62 12 
 68	74	2	25 49 
 69	74	2	42 32 
 70	74	2	14 60 
 71	74	2	53 21 
 72	74	2	30 44 
 73	74	2	13 61 
 74	74	2	34 40 
 75	74	2	23 51 
 76	74	2	25 49 
 77	74	2	30 44 
 78	74	2	23 51 
 79	74	2	28 46 
 80	74	2	65 9 
 81	74	2	12 62 
 82	72	2	26 46 
 83	74	2	63 11 
 84	74	2	70 4 
 85	74	2	65 9 
 86	72	2	63 9 
 87	74	2	38 36 
 88	74	2	17 57 
 89	74	2	39 35 
 90	74	2	14 60 
 91	74	2	56 18 
 92	74	2	4 70 
 93	74	2	31 43 
 94	74	2	67 7 
 95	74	2	60 14 
 96	74	2	30 44 
 97	74	2	9 65 
 98	66	2	66 0 
 99	74	2	15 59 
 100	74	2	67 7 
 101	74	2	54 20 
 102	74	2	48 26 
 103	74	2	5 69 
 104	74	2	8 66 
 105	74	2	37 37 
 106	74	2	68 6 
 107	74	2	8 66 
 108	74	2	66 8 
 109	74	2	48 26 
 110	74	2	3 71 
 111	74	2	73 1 
 112	72	2	8 64 
 113	74	2	36 38 
 114	74	2	54 20 
 115	74	2	1 73 
 116	74	2	73 1 
 117	74	2	0 74 
 118	74	2	69 5 
 119	74	2	54 20 
 120	74	2	69 5 
 121	74	2	60 14 
 122	74	2	17 57 
 123	70	2	8 62 
 124	74	2	66 8 
 125	74	2	1 73 
 126	74	2	35 39 
 127	74	2	67 7 
 128	74	2	1 73 
 129	74	2	72 2 
 130	66	2	38 28 
 131	74	2	54 20 
 132	74	2	58 16 
 133	72	2	17 55 
 134	74	2	65 9 
 135	74	2	69 5 
 136	74	2	63 11 
 137	74	2	57 17 
 138	74	2	20 54 
 139	74	2	50 24 
 140	74	2	2 72 
 141	74	2	68 6 
 142	74	2	7 67 
 143	74	2	69 5 
 144	74	2	26 48 
 145	74	2	9 65 
 146	74	2	51 23 
 147	74	2	11 63 
 148	74	2	21 53 
 149	74	2	55 19 
 150	74	2	42 32 
 151	74	2	18 56 

[pop]=5
 1	192	2	184 8 
 2	192	2	79 113 
 3	192	2	152 40 
 4	192	2	106 86 
 5	192	2	12 180 
 6	192	2	78 114 
 7	192	2	31 161 
 8	192	2	110 82 
 9	192	2	23 169 
 10	192	2	11 181 
 11	192	2	154 38 
 12	192	2	18 174 
 13	192	2	140 52 
 14	192	2	168 24 
 15	188	2	88 100 
 16	192	2	26 166 
 17	192	2	146 46 
 18	192	2	116 76 
 19	190	2	160 30 
 20	192	2	109 83 
 21	192	2	178 14 
 22	192	2	95 97 
 23	192	2	49 143 
 24	192	2	106 86 
 25	192	2	88 104 
 26	192	2	78 114 
 27	192	2	86 106 
 28	192	2	120 72 
 29	192	2	49 143 
 30	192	2	115 77 
 31	192	2	68 124 
 32	192	2	126 66 
 33	192	2	175 17 
 34	190	2	185 5 
 35	192	2	53 139 
 36	192	2	75 117 
 37	190	2	94 96 
 38	192	2	154 38 
 39	190	2	141 49 
 40	192	2	173 19 
 41	190	2	148 42 
 42	192	2	173 19 
 43	192	2	37 155 
 44	192	2	91 101 
 45	192	2	163 29 
 46	192	2	106 86 
 47	192	2	177 15 
 48	192	2	179 13 
 49	192	2	187 5 
 50	192	2	181 11 
 51	192	2	46 146 
 52	192	2	174 18 
 53	192	2	3 189 
 54	192	2	111 81 
 55	192	2	36 156 
 56	192	2	126 66 
 57	192	2	89 103 
 58	190	2	43 147 
 59	192	2	133 59 
 60	192	2	174 18 
 61	192	2	80 112 
 62	192	2	172 20 
 63	192	2	85 107 
 64	192	2	119 73 
 65	192	2	140 52 
 66	192	2	172 20 
 67	188	2	144 44 
 68	190	2	55 135 
 69	192	2	112 80 
 70	192	2	58 134 
 71	192	2	115 77 
 72	192	2	66 126 
 73	192	2	36 156 
 74	192	2	81 111 
 75	192	2	62 130 
 76	192	2	77 115 
 77	192	2	69 123 
 78	192	2	60 132 
 79	192	2	91 101 
 80	188	2	173 15 
 81	192	2	22 170 
 82	192	2	83 109 
 83	192	2	178 14 
 84	192	2	179 13 
 85	192	2	146 46 
 86	190	2	161 29 
 87	192	2	106 86 
 88	164	2	37 127 
 89	192	2	96 96 
 90	192	2	34 158 
 91	192	2	139 53 
 92	192	2	14 178 
 93	192	2	84 108 
 94	192	2	165 27 
 95	192	2	164 28 
 96	192	2	79 113 
 97	192	2	17 175 
 98	188	2	186 2 
 99	192	2	64 128 
 100	192	2	170 22 
 101	192	2	144 48 
 102	192	2	120 72 
 103	190	2	25 165 
 104	192	2	17 175 
 105	192	2	79 113 
 106	192	2	167 25 
 107	192	2	21 171 
 108	192	2	174 18 
 109	192	2	98 94 
 110	192	2	11 181 
 111	188	2	176 12 
 112	192	2	24 168 
 113	192	2	100 92 
 114	192	2	141 51 
 115	190	2	8 182 
 116	192	2	187 5 
 117	192	2	12 180 
 118	186	2	173 13 
 119	192	2	159 33 
 120	192	2	186 6 
 121	192	2	170 22 
 122	188	2	16 172 
 123	184	2	35 149 
 124	192	2	155 37 
 125	192	2	8 184 
 126	192	2	117 75 
 127	192	2	182 10 
 128	192	2	9 183 
 129	190	2	183 7 
 130	186	2	74 112 
 131	192	2	138 54 
 132	192	2	150 42 
 133	190	2	49 141 
 134	192	2	182 10 
 135	192	2	147 45 
 136	192	2	157 35 
 137	192	2	158 34 
 138	192	2	45 147 
 139	192	2	112 80 
 140	192	2	8 184 
 141	192	2	168 24 
 142	192	2	24 168 
 143	192	2	159 33 
 144	192	2	48 144 
 145	192	2	13 179 
 146	192	2	145 47 
 147	192	2	35 157 
 148	192	2	54 138 
 149	192	2	152 40 
 150	192	2	85 107 
 151	192	2	35 157 

[pop]=6
 1	168	2	162 6 
 2	168	2	74 94 
 3	168	2	131 37 
 4	168	2	91 77 
 5	168	2	22 146 
 6	166	2	52 114 
 7	166	2	24 142 
 8	168	2	94 74 
 9	168	2	17 151 
 10	168	2	13 155 
 11	164	2	121 43 
 12	168	2	9 159 
 13	168	2	120 48 
 14	168	2	154 14 
 15	162	2	73 89 
 16	168	2	18 150 
 17	168	2	127 41 
 18	166	2	87 79 
 19	168	2	134 34 
 20	168	2	109 59 
 21	164	2	145 19 
 22	168	2	78 90 
 23	168	2	54 114 
 24	166	2	86 80 
 25	168	2	114 54 
 26	168	2	59 109 
 27	168	2	80 88 
 28	166	2	98 68 
 29	168	2	43 125 
 30	168	2	85 83 
 31	166	2	56 110 
 32	168	2	119 49 
 33	168	2	141 27 
 34	168	2	162 6 
 35	164	2	47 117 
 36	164	2	68 96 
 37	168	2	61 107 
 38	168	2	126 42 
 39	168	2	130 38 
 40	168	2	143 25 
 41	168	2	125 43 
 42	166	2	147 19 
 43	166	2	27 139 
 44	162	2	88 74 
 45	168	2	136 32 
 46	168	2	96 72 
 47	166	2	156 10 
 48	168	2	160 8 
 49	168	2	164 4 
 50	168	2	159 9 
 51	168	2	57 111 
 52	168	2	156 12 
 53	168	2	4 164 
 54	168	2	76 92 
 55	168	2	42 126 
 56	168	2	106 62 
 57	166	2	76 90 
 58	168	2	36 132 
 59	168	2	104 64 
 60	168	2	141 27 
 61	168	2	44 124 
 62	168	2	153 15 
 63	168	2	75 93 
 64	168	2	92 76 
 65	168	2	121 47 
 66	168	2	127 41 
 67	168	2	131 37 
 68	166	2	64 102 
 69	166	2	89 77 
 70	168	2	38 130 
 71	166	2	86 80 
 72	168	2	72 96 
 73	168	2	36 132 
 74	168	2	57 111 
 75	168	2	75 93 
 76	160	2	64 96 
 77	166	2	64 102 
 78	168	2	62 106 
 79	168	2	67 101 
 80	162	2	147 15 
 81	168	2	24 144 
 82	164	2	40 124 
 83	168	2	152 16 
 84	168	2	159 9 
 85	166	2	128 38 
 86	168	2	131 37 
 87	168	2	118 50 
 88	156	2	33 123 
 89	168	2	66 102 
 90	168	2	38 130 
 91	168	2	125 43 
 92	168	2	10 158 
 93	168	2	67 101 
 94	168	2	141 27 
 95	168	2	153 15 
 96	168	2	64 104 
 97	164	2	11 153 
 98	168	2	164 4 
 99	168	2	37 131 
 100	168	2	144 24 
 101	168	2	134 34 
 102	168	2	116 52 
 103	168	2	27 141 
 104	168	2	23 145 
 105	168	2	94 74 
 106	168	2	135 33 
 107	168	2	19 149 
 108	168	2	153 15 
 109	168	2	76 92 
 110	168	2	6 162 
 111	168	2	149 19 
 112	166	2	12 154 
 113	168	2	80 88 
 114	168	2	129 39 
 115	168	2	10 158 
 116	168	2	163 5 
 117	168	2	6 162 
 118	168	2	151 17 
 119	168	2	140 28 
 120	162	2	156 6 
 121	168	2	146 22 
 122	42	2	6 36 
 123	162	2	44 118 
 124	168	2	147 21 
 125	168	2	4 164 
 126	168	2	113 55 
 127	168	2	155 13 
 128	168	2	13 155 
 129	168	2	150 18 
 130	164	2	81 83 
 131	168	2	128 40 
 132	168	2	148 20 
 133	162	2	43 119 
 134	168	2	153 15 
 135	166	2	150 16 
 136	168	2	142 26 
 137	168	2	151 17 
 138	168	2	32 136 
 139	168	2	102 66 
 140	168	2	3 165 
 141	168	2	153 15 
 142	168	2	22 146 
 143	168	2	146 22 
 144	168	2	43 125 
 145	168	2	28 140 
 146	166	2	130 36 
 147	168	2	29 139 
 148	166	2	45 121 
 149	168	2	128 40 
 150	168	2	71 97 
 151	168	2	29 139 

[pop]=7
 1	198	2	185 13 
 2	198	2	87 111 
 3	198	2	162 36 
 4	198	2	115 83 
 5	198	2	19 179 
 6	198	2	72 126 
 7	198	2	28 170 
 8	198	2	101 97 
 9	198	2	11 187 
 10	198	2	9 189 
 11	198	2	129 69 
 12	198	2	11 187 
 13	198	2	131 67 
 14	198	2	179 19 
 15	198	2	96 102 
 16	198	2	21 177 
 17	198	2	163 35 
 18	196	2	98 98 
 19	198	2	159 39 
 20	198	2	125 73 
 21	198	2	189 9 
 22	196	2	78 118 
 23	198	2	79 119 
 24	198	2	96 102 
 25	196	2	106 90 
 26	198	2	87 111 
 27	198	2	72 126 
 28	196	2	137 59 
 29	198	2	36 162 
 30	198	2	104 94 
 31	198	2	60 138 
 32	198	2	100 98 
 33	198	2	181 17 
 34	198	2	184 14 
 35	198	2	53 145 
 36	192	2	66 126 
 37	198	2	70 128 
 38	198	2	171 27 
 39	198	2	154 44 
 40	198	2	181 17 
 41	198	2	139 59 
 42	198	2	165 33 
 43	196	2	39 157 
 44	198	2	95 103 
 45	198	2	178 20 
 46	198	2	119 79 
 47	198	2	191 7 
 48	198	2	190 8 
 49	198	2	178 20 
 50	198	2	190 8 
 51	198	2	55 143 
 52	198	2	170 28 
 53	198	2	15 183 
 54	198	2	102 96 
 55	196	2	36 160 
 56	198	2	142 56 
 57	198	2	71 127 
 58	198	2	39 159 
 59	198	2	125 73 
 60	198	2	173 25 
 61	198	2	76 122 
 62	198	2	188 10 
 63	198	2	91 107 
 64	198	2	121 77 
 65	198	2	144 54 
 66	198	2	168 30 
 67	194	2	156 38 
 68	198	2	56 142 
 69	198	2	126 72 
 70	198	2	33 165 
 71	196	2	104 92 
 72	198	2	82 116 
 73	198	2	32 166 
 74	198	2	78 120 
 75	198	2	74 124 
 76	196	2	78 118 
 77	198	2	66 132 
 78	198	2	75 123 
 79	198	2	97 101 
 80	190	2	177 13 
 81	198	2	22 176 
 82	198	2	66 132 
 83	196	2	182 14 
 84	198	2	188 10 
 85	196	2	159 37 
 86	198	2	164 34 
 87	198	2	111 87 
 88	184	2	32 152 
 89	198	2	90 108 
 90	198	2	60 138 
 91	198	2	146 52 
 92	196	2	14 182 
 93	198	2	99 99 
 94	196	2	182 14 
 95	198	2	178 20 
 96	198	2	75 123 
 97	198	2	19 179 
 98	194	2	190 4 
 99	198	2	58 140 
 100	198	2	182 16 
 101	198	2	164 34 
 102	196	2	130 66 
 103	198	2	41 157 
 104	198	2	31 167 
 105	198	2	94 104 
 106	198	2	168 30 
 107	198	2	28 170 
 108	198	2	182 16 
 109	198	2	99 99 
 110	198	2	16 182 
 111	198	2	192 6 
 112	198	2	9 189 
 113	198	2	112 86 
 114	198	2	157 41 
 115	198	2	5 193 
 116	198	2	190 8 
 117	196	2	5 191 
 118	196	2	186 10 
 119	198	2	163 35 
 120	198	2	196 2 
 121	196	2	166 30 
 122	198	2	6 192 
 123	198	2	33 165 
 124	198	2	167 31 
 125	198	2	1 197 
 126	198	2	133 65 
 127	198	2	194 4 
 128	198	2	11 187 
 129	198	2	188 10 
 130	198	2	94 104 
 131	198	2	135 63 
 132	198	2	172 26 
 133	198	2	47 151 
 134	198	2	179 19 
 135	198	2	176 22 
 136	198	2	167 31 
 137	198	2	168 30 
 138	196	2	42 154 
 139	198	2	125 73 
 140	198	2	3 195 
 141	198	2	185 13 
 142	198	2	31 167 
 143	198	2	168 30 
 144	198	2	50 148 
 145	198	2	12 186 
 146	198	2	131 67 
 147	198	2	30 168 
 148	198	2	38 160 
 149	198	2	165 33 
 150	198	2	124 74 
 151	198	2	26 172 

[pop]=8
 1	118	2	105 13 
 2	118	2	67 51 
 3	108	2	33 75 
 4	118	2	83 35 
 5	118	2	0 118 
 6	118	2	47 71 
 7	114	2	17 97 
 8	118	2	59 59 
 9	118	2	13 105 
 10	118	2	20 98 
 11	118	2	77 41 
 12	118	2	10 108 
 13	118	2	66 52 
 14	118	2	115 3 
 15	116	2	61 55 
 16	118	2	27 91 
 17	118	2	84 34 
 18	118	2	48 70 
 19	118	2	95 23 
 20	118	2	81 37 
 21	118	2	109 9 
 22	116	2	67 49 
 23	118	2	48 70 
 24	118	2	58 60 
 25	118	2	31 87 
 26	118	2	73 45 
 27	118	2	14 104 
 28	118	2	75 43 
 29	118	2	25 93 
 30	118	2	35 83 
 31	116	2	18 98 
 32	118	2	74 44 
 33	118	2	114 4 
 34	118	2	118 0 
 35	118	2	17 101 
 36	118	2	52 66 
 37	118	2	22 96 
 38	118	2	96 22 
 39	118	2	118 0 
 40	118	2	108 10 
 41	118	2	94 24 
 42	118	2	84 34 
 43	118	2	35 83 
 44	118	2	67 51 
 45	118	2	79 39 
 46	118	2	64 54 
 47	118	2	118 0 
 48	118	2	81 37 
 49	118	2	118 0 
 50	118	2	101 17 
 51	118	2	30 88 
 52	118	2	111 7 
 53	118	2	4 114 
 54	118	2	48 70 
 55	118	2	29 89 
 56	118	2	84 34 
 57	118	2	47 71 
 58	118	2	23 95 
 59	118	2	62 56 
 60	118	2	101 17 
 61	118	2	67 51 
 62	118	2	92 26 
 63	118	2	70 48 
 64	118	2	68 50 
 65	118	2	62 56 
 66	118	2	80 38 
 67	118	2	108 10 
 68	118	2	17 101 
 69	118	2	73 45 
 70	118	2	2 116 
 71	118	2	71 47 
 72	118	2	24 94 
 73	118	2	16 102 
 74	118	2	39 79 
 75	118	2	54 64 
 76	118	2	11 107 
 77	118	2	59 59 
 78	118	2	32 86 
 79	118	2	32 86 
 80	118	2	117 1 
 81	118	2	15 103 
 82	118	2	33 85 
 83	118	2	118 0 
 84	118	2	118 0 
 85	116	2	92 24 
 86	118	2	100 18 
 87	118	2	33 85 
 88	92	2	41 51 
 89	118	2	61 57 
 90	118	2	29 89 
 91	118	2	73 45 
 92	118	2	4 114 
 93	118	2	57 61 
 94	118	2	104 14 
 95	116	2	86 30 
 96	118	2	30 88 
 97	118	2	14 104 
 98	118	2	118 0 
 99	118	2	31 87 
 100	118	2	109 9 
 101	118	2	86 32 
 102	118	2	84 34 
 103	118	2	37 81 
 104	118	2	2 116 
 105	118	2	52 66 
 106	118	2	90 28 
 107	118	2	32 86 
 108	118	2	107 11 
 109	118	2	53 65 
 110	116	2	20 96 
 111	118	2	116 2 
 112	118	2	0 118 
 113	118	2	43 75 
 114	118	2	112 6 
 115	116	2	0 116 
 116	118	2	99 19 
 117	118	2	4 114 
 118	118	2	112 6 
 119	118	2	108 10 
 120	118	2	118 0 
 121	118	2	93 25 
 122	118	2	0 118 
 123	118	2	4 114 
 124	118	2	104 14 
 125	118	2	1 117 
 126	118	2	97 21 
 127	118	2	114 4 
 128	118	2	19 99 
 129	106	2	106 0 
 130	118	2	47 71 
 131	118	2	102 16 
 132	118	2	117 1 
 133	118	2	41 77 
 134	118	2	117 1 
 135	118	2	111 7 
 136	118	2	95 23 
 137	118	2	101 17 
 138	118	2	15 103 
 139	118	2	71 47 
 140	118	2	0 118 
 141	118	2	117 1 
 142	118	2	0 118 
 143	118	2	98 20 
 144	118	2	11 107 
 145	118	2	0 118 
 146	118	2	105 13 
 147	118	2	4 114 
 148	118	2	34 84 
 149	118	2	70 48 
 150	118	2	80 38 
 151	118	2	4 114 

[pop]=9
 1	84	2	72 12 
 2	84	2	51 33 
 3	84	2	66 18 
 4	84	2	75 9 
 5	84	2	2 82 
 6	82	2	41 41 
 7	80	2	12 68 
 8	84	2	43 41 
 9	84	2	4 80 
 10	84	2	14 70 
 11	80	2	48 32 
 12	84	2	3 81 
 13	84	2	58 26 
 14	84	2	84 0 
 15	84	2	33 51 
 16	84	2	16 68 
 17	84	2	75 9 
 18	84	2	48 36 
 19	82	2	62 20 
 20	78	2	43 35 
 21	84	2	78 6 
 22	84	2	31 53 
 23	84	2	41 43 
 24	84	2	41 43 
 25	84	2	30 54 
 26	84	2	46 38 
 27	84	2	14 70 
 28	84	2	59 25 
 29	84	2	16 68 
 30	82	2	33 49 
 31	84	2	13 71 
 32	84	2	31 53 
 33	84	2	72 12 
 34	84	2	83 1 
 35	82	2	19 63 
 36	84	2	37 47 
 37	82	2	18 64 
 38	84	2	61 23 
 39	84	2	83 1 
 40	84	2	73 11 
 41	84	2	70 14 
 42	84	2	66 18 
 43	84	2	41 43 
 44	80	2	35 45 
 45	84	2	54 30 
 46	84	2	59 25 
 47	84	2	84 0 
 48	84	2	57 27 
 49	84	2	79 5 
 50	84	2	77 7 
 51	84	2	30 54 
 52	84	2	77 7 
 53	84	2	4 80 
 54	84	2	69 15 
 55	80	2	23 57 
 56	84	2	68 16 
 57	84	2	15 69 
 58	84	2	8 76 
 59	84	2	46 38 
 60	84	2	75 9 
 61	84	2	38 46 
 62	84	2	81 3 
 63	84	2	49 35 
 64	84	2	44 40 
 65	84	2	56 28 
 66	84	2	51 33 
 67	82	2	78 4 
 68	84	2	33 51 
 69	82	2	34 48 
 70	84	2	6 78 
 71	82	2	49 33 
 72	84	2	13 71 
 73	84	2	7 77 
 74	84	2	40 44 
 75	84	2	51 33 
 76	82	2	18 64 
 77	80	2	29 51 
 78	84	2	9 75 
 79	84	2	27 57 
 80	84	2	83 1 
 81	84	2	13 71 
 82	84	2	23 61 
 83	84	2	84 0 
 84	84	2	77 7 
 85	82	2	70 12 
 86	84	2	73 11 
 87	84	2	34 50 
 88	82	2	13 69 
 89	84	2	39 45 
 90	84	2	23 61 
 91	84	2	54 30 
 92	84	2	1 83 
 93	84	2	52 32 
 94	84	2	69 15 
 95	84	2	52 32 
 96	84	2	19 65 
 97	84	2	3 81 
 98	84	2	84 0 
 99	84	2	41 43 
 100	84	2	74 10 
 101	84	2	54 30 
 102	84	2	68 16 
 103	84	2	16 68 
 104	84	2	2 82 
 105	84	2	39 45 
 106	84	2	70 14 
 107	84	2	25 59 
 108	84	2	75 9 
 109	84	2	42 42 
 110	84	2	4 80 
 111	84	2	84 0 
 112	84	2	1 83 
 113	84	2	29 55 
 114	84	2	82 2 
 115	84	2	0 84 
 116	84	2	66 18 
 117	84	2	3 81 
 118	84	2	80 4 
 119	84	2	71 13 
 120	84	2	84 0 
 121	84	2	69 15 
 122	84	2	0 84 
 123	70	2	1 69 
 124	84	2	70 14 
 125	84	2	0 84 
 126	84	2	59 25 
 127	84	2	83 1 
 128	84	2	8 76 
 129	84	2	84 0 
 130	84	2	20 64 
 131	84	2	65 19 
 132	84	2	83 1 
 133	84	2	31 53 
 134	84	2	84 0 
 135	84	2	73 11 
 136	84	2	76 8 
 137	84	2	62 22 
 138	84	2	17 67 
 139	84	2	42 42 
 140	84	2	0 84 
 141	84	2	84 0 
 142	84	2	0 84 
 143	84	2	72 12 
 144	84	2	6 78 
 145	84	2	0 84 
 146	82	2	72 10 
 147	84	2	2 82 
 148	84	2	16 68 
 149	84	2	57 27 
 150	84	2	59 25 
 151	84	2	2 82 

[pop]=10
 1	62	2	57 5 
 2	62	2	41 21 
 3	62	2	51 11 
 4	62	2	50 12 
 5	62	2	2 60 
 6	62	2	20 42 
 7	58	2	7 51 
 8	62	2	36 26 
 9	62	2	1 61 
 10	62	2	9 53 
 11	62	2	38 24 
 12	62	2	2 60 
 13	62	2	53 9 
 14	62	2	59 3 
 15	62	2	26 36 
 16	62	2	10 52 
 17	62	2	34 28 
 18	62	2	24 38 
 19	62	2	36 26 
 20	62	2	46 16 
 21	62	2	56 6 
 22	60	2	33 27 
 23	62	2	23 39 
 24	62	2	21 41 
 25	62	2	27 35 
 26	62	2	39 23 
 27	62	2	8 54 
 28	62	2	33 29 
 29	62	2	9 53 
 30	62	2	23 39 
 31	62	2	11 51 
 32	62	2	25 37 
 33	62	2	45 17 
 34	62	2	61 1 
 35	62	2	11 51 
 36	62	2	26 36 
 37	62	2	21 41 
 38	62	2	46 16 
 39	62	2	60 2 
 40	62	2	51 11 
 41	62	2	46 16 
 42	62	2	51 11 
 43	62	2	29 33 
 44	58	2	29 29 
 45	62	2	46 16 
 46	62	2	41 21 
 47	62	2	62 0 
 48	62	2	45 17 
 49	62	2	61 1 
 50	58	2	55 3 
 51	62	2	25 37 
 52	62	2	59 3 
 53	62	2	5 57 
 54	62	2	42 20 
 55	60	2	7 53 
 56	62	2	47 15 
 57	62	2	20 42 
 58	62	2	9 53 
 59	62	2	25 37 
 60	62	2	59 3 
 61	62	2	35 27 
 62	62	2	58 4 
 63	62	2	32 30 
 64	62	2	28 34 
 65	62	2	36 26 
 66	62	2	42 20 
 67	62	2	60 2 
 68	62	2	18 44 
 69	62	2	33 29 
 70	62	2	7 55 
 71	62	2	27 35 
 72	62	2	19 43 
 73	62	2	4 58 
 74	62	2	30 32 
 75	62	2	24 38 
 76	62	2	7 55 
 77	62	2	22 40 
 78	62	2	24 38 
 79	62	2	18 44 
 80	62	2	62 0 
 81	62	2	13 49 
 82	62	2	16 46 
 83	62	2	62 0 
 84	62	2	62 0 
 85	62	2	52 10 
 86	62	2	46 16 
 87	62	2	20 42 
 88	62	2	6 56 
 89	62	2	39 23 
 90	62	2	10 52 
 91	60	2	40 20 
 92	62	2	3 59 
 93	62	2	26 36 
 94	62	2	52 10 
 95	34	2	28 6 
 96	62	2	8 54 
 97	62	2	1 61 
 98	62	2	62 0 
 99	60	2	27 33 
 100	62	2	55 7 
 101	62	2	47 15 
 102	62	2	50 12 
 103	62	2	13 49 
 104	62	2	7 55 
 105	62	2	23 39 
 106	62	2	48 14 
 107	62	2	18 44 
 108	62	2	57 5 
 109	62	2	29 33 
 110	62	2	13 49 
 111	62	2	62 0 
 112	62	2	2 60 
 113	62	2	26 36 
 114	62	2	55 7 
 115	54	2	0 54 
 116	62	2	58 4 
 117	62	2	3 59 
 118	62	2	61 1 
 119	62	2	51 11 
 120	62	2	62 0 
 121	62	2	56 6 
 122	62	2	0 62 
 123	54	2	1 53 
 124	62	2	51 11 
 125	62	2	1 61 
 126	62	2	49 13 
 127	62	2	61 1 
 128	62	2	9 53 
 129	62	2	60 2 
 130	56	2	21 35 
 131	62	2	47 15 
 132	62	2	61 1 
 133	62	2	8 54 
 134	62	2	61 1 
 135	62	2	51 11 
 136	62	2	62 0 
 137	62	2	58 4 
 138	62	2	16 46 
 139	62	2	38 24 
 140	62	2	0 62 
 141	62	2	60 2 
 142	62	2	0 62 
 143	62	2	49 13 
 144	62	2	7 55 
 145	62	2	0 62 
 146	62	2	57 5 
 147	62	2	2 60 
 148	62	2	9 53 
 149	62	2	41 21 
 150	62	2	47 15 
 151	62	2	3 59 

[pop]=11
 1	46	2	35 11 
 2	46	2	22 24 
 3	46	2	39 7 
 4	46	2	35 11 
 5	46	2	1 45 
 6	46	2	15 31 
 7	46	2	4 42 
 8	46	2	25 21 
 9	46	2	0 46 
 10	46	2	7 39 
 11	46	2	26 20 
 12	46	2	3 43 
 13	46	2	32 14 
 14	46	2	46 0 
 15	44	2	21 23 
 16	46	2	6 40 
 17	46	2	36 10 
 18	46	2	28 18 
 19	46	2	29 17 
 20	46	2	37 9 
 21	46	2	40 6 
 22	46	2	17 29 
 23	46	2	21 25 
 24	46	2	22 24 
 25	46	2	17 29 
 26	46	2	30 16 
 27	46	2	4 42 
 28	46	2	27 19 
 29	46	2	8 38 
 30	46	2	17 29 
 31	46	2	7 39 
 32	46	2	22 24 
 33	46	2	37 9 
 34	46	2	45 1 
 35	46	2	11 35 
 36	46	2	20 26 
 37	46	2	11 35 
 38	46	2	36 10 
 39	46	2	45 1 
 40	46	2	35 11 
 41	46	2	34 12 
 42	46	2	39 7 
 43	44	2	24 20 
 44	46	2	24 22 
 45	46	2	34 12 
 46	46	2	28 18 
 47	46	2	46 0 
 48	46	2	31 15 
 49	46	2	43 3 
 50	44	2	41 3 
 51	46	2	18 28 
 52	46	2	43 3 
 53	44	2	4 40 
 54	46	2	27 19 
 55	46	2	6 40 
 56	44	2	34 10 
 57	46	2	15 31 
 58	46	2	3 43 
 59	46	2	25 21 
 60	46	2	41 5 
 61	46	2	25 21 
 62	46	2	41 5 
 63	46	2	29 17 
 64	46	2	18 28 
 65	46	2	25 21 
 66	46	2	26 20 
 67	46	2	40 6 
 68	46	2	18 28 
 69	46	2	24 22 
 70	46	2	5 41 
 71	46	2	24 22 
 72	46	2	8 38 
 73	46	2	9 37 
 74	46	2	15 31 
 75	46	2	20 26 
 76	46	2	5 41 
 77	46	2	13 33 
 78	46	2	15 31 
 79	46	2	16 30 
 80	46	2	45 1 
 81	46	2	7 39 
 82	46	2	12 34 
 83	46	2	46 0 
 84	46	2	46 0 
 85	44	2	36 8 
 86	46	2	35 11 
 87	46	2	19 27 
 88	46	2	9 37 
 89	46	2	29 17 
 90	46	2	5 41 
 91	46	2	28 18 
 92	46	2	1 45 
 93	46	2	21 25 
 94	46	2	38 8 
 95	38	2	30 8 
 96	46	2	11 35 
 97	46	2	1 45 
 98	46	2	46 0 
 99	46	2	23 23 
 100	46	2	46 0 
 101	46	2	36 10 
 102	46	2	37 9 
 103	46	2	10 36 
 104	46	2	4 42 
 105	44	2	16 28 
 106	46	2	35 11 
 107	46	2	17 29 
 108	46	2	43 3 
 109	46	2	30 16 
 110	46	2	7 39 
 111	46	2	46 0 
 112	46	2	2 44 
 113	46	2	21 25 
 114	46	2	38 8 
 115	42	2	0 42 
 116	46	2	41 5 
 117	46	2	3 43 
 118	44	2	41 3 
 119	46	2	39 7 
 120	46	2	46 0 
 121	46	2	34 12 
 122	46	2	0 46 
 123	44	2	1 43 
 124	46	2	41 5 
 125	46	2	0 46 
 126	46	2	32 14 
 127	46	2	43 3 
 128	46	2	7 39 
 129	46	2	45 1 
 130	44	2	14 30 
 131	46	2	32 14 
 132	46	2	46 0 
 133	46	2	13 33 
 134	46	2	44 2 
 135	46	2	44 2 
 136	46	2	42 4 
 137	46	2	41 5 
 138	46	2	6 40 
 139	46	2	29 17 
 140	46	2	0 46 
 141	46	2	46 0 
 142	46	2	0 46 
 143	46	2	35 11 
 144	46	2	3 43 
 145	46	2	0 46 
 146	46	2	40 6 
 147	46	2	0 46 
 148	46	2	11 35 
 149	46	2	31 15 
 150	46	2	38 8 
 151	46	2	2 44 

[pop]=12
 1	112	2	93 19 
 2	112	2	61 51 
 3	112	2	92 20 
 4	112	2	91 21 
 5	112	2	3 109 
 6	108	2	48 60 
 7	112	2	21 91 
 8	112	2	48 64 
 9	112	2	10 102 
 10	112	2	12 100 
 11	112	2	61 51 
 12	112	2	14 98 
 13	108	2	78 30 
 14	112	2	111 1 
 15	110	2	52 58 
 16	112	2	21 91 
 17	112	2	89 23 
 18	112	2	51 61 
 19	112	2	83 29 
 20	112	2	77 35 
 21	112	2	90 22 
 22	112	2	45 67 
 23	112	2	45 67 
 24	112	2	40 72 
 25	112	2	53 59 
 26	112	2	45 67 
 27	112	2	23 89 
 28	110	2	70 40 
 29	112	2	23 89 
 30	110	2	46 64 
 31	112	2	30 82 
 32	112	2	42 70 
 33	112	2	94 18 
 34	112	2	110 2 
 35	112	2	15 97 
 36	112	2	29 83 
 37	112	2	27 85 
 38	112	2	84 28 
 39	112	2	105 7 
 40	110	2	99 11 
 41	112	2	68 44 
 42	110	2	82 28 
 43	108	2	43 65 
 44	110	2	61 49 
 45	112	2	86 26 
 46	112	2	66 46 
 47	112	2	112 0 
 48	112	2	83 29 
 49	112	2	100 12 
 50	112	2	94 18 
 51	112	2	32 80 
 52	112	2	104 8 
 53	112	2	9 103 
 54	112	2	62 50 
 55	110	2	34 76 
 56	110	2	80 30 
 57	112	2	31 81 
 58	110	2	13 97 
 59	112	2	62 50 
 60	112	2	100 12 
 61	112	2	52 60 
 62	112	2	105 7 
 63	112	2	69 43 
 64	112	2	55 57 
 65	112	2	62 50 
 66	112	2	75 37 
 67	112	2	107 5 
 68	112	2	27 85 
 69	112	2	63 49 
 70	112	2	16 96 
 71	112	2	70 42 
 72	112	2	15 97 
 73	112	2	10 102 
 74	112	2	51 61 
 75	112	2	46 66 
 76	112	2	19 93 
 77	112	2	52 60 
 78	112	2	23 89 
 79	112	2	48 64 
 80	112	2	110 2 
 81	112	2	24 88 
 82	112	2	36 76 
 83	112	2	112 0 
 84	112	2	111 1 
 85	110	2	83 27 
 86	112	2	98 14 
 87	112	2	43 69 
 88	104	2	20 84 
 89	112	2	56 56 
 90	110	2	27 83 
 91	112	2	86 26 
 92	112	2	1 111 
 93	110	2	73 37 
 94	112	2	103 9 
 95	112	2	87 25 
 96	112	2	26 86 
 97	112	2	4 108 
 98	112	2	112 0 
 99	112	2	31 81 
 100	112	2	111 1 
 101	110	2	67 43 
 102	112	2	87 25 
 103	112	2	14 98 
 104	112	2	3 109 
 105	110	2	53 57 
 106	112	2	75 37 
 107	112	2	38 74 
 108	112	2	104 8 
 109	112	2	63 49 
 110	112	2	16 96 
 111	112	2	112 0 
 112	112	2	1 111 
 113	112	2	38 74 
 114	112	2	105 7 
 115	110	2	1 109 
 116	112	2	102 10 
 117	112	2	10 102 
 118	110	2	106 4 
 119	112	2	105 7 
 120	112	2	111 1 
 121	112	2	87 25 
 122	112	2	0 112 
 123	100	2	8 92 
 124	112	2	99 13 
 125	112	2	0 112 
 126	112	2	67 45 
 127	112	2	102 10 
 128	112	2	24 88 
 129	112	2	108 4 
 130	110	2	29 81 
 131	112	2	76 36 
 132	112	2	105 7 
 133	112	2	33 79 
 134	112	2	108 4 
 135	112	2	101 11 
 136	112	2	110 2 
 137	112	2	101 11 
 138	112	2	25 87 
 139	112	2	51 61 
 140	112	2	0 112 
 141	112	2	112 0 
 142	112	2	1 111 
 143	112	2	88 24 
 144	112	2	19 93 
 145	112	2	1 111 
 146	112	2	91 21 
 147	112	2	5 107 
 148	112	2	38 74 
 149	112	2	87 25 
 150	112	2	79 33 
 151	112	2	4 108 

[pop]=13
 1	168	2	154 14 
 2	168	2	85 83 
 3	168	2	126 42 
 4	168	2	120 48 
 5	168	2	3 165 
 6	166	2	68 98 
 7	166	2	15 151 
 8	166	2	77 89 
 9	168	2	17 151 
 10	168	2	17 151 
 11	168	2	94 74 
 12	168	2	12 156 
 13	168	2	111 57 
 14	168	2	165 3 
 15	164	2	97 67 
 16	168	2	25 143 
 17	168	2	145 23 
 18	168	2	80 88 
 19	168	2	138 30 
 20	168	2	123 45 
 21	168	2	158 10 
 22	168	2	72 96 
 23	168	2	55 113 
 24	168	2	70 98 
 25	168	2	67 101 
 26	168	2	60 108 
 27	168	2	25 143 
 28	168	2	104 64 
 29	168	2	39 129 
 30	168	2	72 96 
 31	168	2	36 132 
 32	168	2	83 85 
 33	168	2	158 10 
 34	168	2	161 7 
 35	168	2	21 147 
 36	168	2	46 122 
 37	168	2	43 125 
 38	168	2	136 32 
 39	168	2	156 12 
 40	168	2	147 21 
 41	162	2	95 67 
 42	168	2	139 29 
 43	168	2	66 102 
 44	166	2	85 81 
 45	164	2	141 23 
 46	168	2	98 70 
 47	168	2	168 0 
 48	168	2	138 30 
 49	168	2	155 13 
 50	168	2	157 11 
 51	166	2	56 110 
 52	168	2	160 8 
 53	168	2	8 160 
 54	168	2	84 84 
 55	166	2	44 122 
 56	168	2	125 43 
 57	168	2	49 119 
 58	168	2	20 148 
 59	168	2	86 82 
 60	168	2	153 15 
 61	168	2	73 95 
 62	168	2	156 12 
 63	168	2	93 75 
 64	168	2	89 79 
 65	168	2	109 59 
 66	168	2	113 55 
 67	168	2	161 7 
 68	168	2	60 108 
 69	168	2	101 67 
 70	168	2	15 153 
 71	166	2	111 55 
 72	168	2	35 133 
 73	168	2	8 160 
 74	168	2	73 95 
 75	168	2	54 114 
 76	166	2	31 135 
 77	168	2	83 85 
 78	168	2	43 125 
 79	168	2	75 93 
 80	166	2	164 2 
 81	168	2	30 138 
 82	168	2	52 116 
 83	168	2	168 0 
 84	168	2	167 1 
 85	166	2	117 49 
 86	168	2	153 15 
 87	168	2	71 97 
 88	150	2	34 116 
 89	166	2	97 69 
 90	168	2	38 130 
 91	166	2	107 59 
 92	168	2	13 155 
 93	168	2	97 71 
 94	168	2	158 10 
 95	166	2	135 31 
 96	168	2	50 118 
 97	166	2	4 162 
 98	168	2	167 1 
 99	168	2	43 125 
 100	168	2	159 9 
 101	168	2	94 74 
 102	166	2	124 42 
 103	168	2	36 132 
 104	166	2	4 162 
 105	168	2	78 90 
 106	168	2	130 38 
 107	168	2	50 118 
 108	168	2	154 14 
 109	168	2	98 70 
 110	168	2	14 154 
 111	168	2	166 2 
 112	168	2	0 168 
 113	168	2	59 109 
 114	168	2	161 7 
 115	168	2	0 168 
 116	168	2	152 16 
 117	168	2	10 158 
 118	166	2	161 5 
 119	168	2	145 23 
 120	168	2	168 0 
 121	168	2	137 31 
 122	168	2	2 166 
 123	164	2	5 159 
 124	168	2	149 19 
 125	168	2	0 168 
 126	168	2	126 42 
 127	168	2	166 2 
 128	168	2	34 134 
 129	168	2	163 5 
 130	160	2	33 127 
 131	168	2	128 40 
 132	168	2	157 11 
 133	168	2	51 117 
 134	168	2	160 8 
 135	168	2	154 14 
 136	168	2	158 10 
 137	168	2	145 23 
 138	168	2	31 137 
 139	168	2	105 63 
 140	168	2	0 168 
 141	168	2	168 0 
 142	168	2	3 165 
 143	168	2	139 29 
 144	168	2	28 140 
 145	168	2	0 168 
 146	168	2	115 53 
 147	168	2	20 148 
 148	168	2	39 129 
 149	168	2	124 44 
 150	168	2	127 41 
 151	168	2	6 162 

[pop]=14
 1	90	2	71 19 
 2	90	2	51 39 
 3	90	2	69 21 
 4	90	2	82 8 
 5	90	2	0 90 
 6	90	2	30 60 
 7	84	2	21 63 
 8	90	2	34 56 
 9	90	2	9 81 
 10	90	2	15 75 
 11	90	2	59 31 
 12	90	2	10 80 
 13	90	2	44 46 
 14	90	2	90 0 
 15	90	2	35 55 
 16	90	2	15 75 
 17	90	2	73 17 
 18	90	2	42 48 
 19	90	2	74 16 
 20	90	2	62 28 
 21	90	2	85 5 
 22	90	2	49 41 
 23	90	2	35 55 
 24	90	2	30 60 
 25	90	2	40 50 
 26	90	2	34 56 
 27	90	2	33 57 
 28	90	2	56 34 
 29	90	2	19 71 
 30	90	2	40 50 
 31	90	2	29 61 
 32	90	2	44 46 
 33	90	2	80 10 
 34	90	2	89 1 
 35	90	2	19 71 
 36	90	2	26 64 
 37	90	2	29 61 
 38	90	2	68 22 
 39	90	2	87 3 
 40	90	2	88 2 
 41	88	2	64 24 
 42	90	2	73 17 
 43	90	2	32 58 
 44	90	2	42 48 
 45	90	2	63 27 
 46	90	2	47 43 
 47	90	2	90 0 
 48	90	2	70 20 
 49	90	2	86 4 
 50	90	2	82 8 
 51	90	2	23 67 
 52	90	2	88 2 
 53	90	2	10 80 
 54	90	2	48 42 
 55	90	2	33 57 
 56	90	2	52 38 
 57	90	2	36 54 
 58	90	2	13 77 
 59	90	2	43 47 
 60	90	2	83 7 
 61	90	2	34 56 
 62	90	2	86 4 
 63	90	2	59 31 
 64	90	2	31 59 
 65	90	2	53 37 
 66	90	2	74 16 
 67	90	2	74 16 
 68	90	2	36 54 
 69	90	2	33 57 
 70	90	2	1 89 
 71	90	2	63 27 
 72	90	2	6 84 
 73	90	2	11 79 
 74	90	2	37 53 
 75	90	2	59 31 
 76	90	2	28 62 
 77	90	2	34 56 
 78	90	2	26 64 
 79	90	2	37 53 
 80	84	2	84 0 
 81	90	2	14 76 
 82	90	2	35 55 
 83	90	2	90 0 
 84	90	2	88 2 
 85	90	2	59 31 
 86	88	2	84 4 
 87	90	2	52 38 
 88	88	2	18 70 
 89	90	2	46 44 
 90	90	2	21 69 
 91	90	2	60 30 
 92	90	2	8 82 
 93	90	2	62 28 
 94	90	2	80 10 
 95	90	2	79 11 
 96	90	2	34 56 
 97	90	2	3 87 
 98	90	2	90 0 
 99	90	2	18 72 
 100	90	2	84 6 
 101	90	2	67 23 
 102	90	2	54 36 
 103	90	2	12 78 
 104	90	2	12 78 
 105	90	2	41 49 
 106	90	2	76 14 
 107	90	2	29 61 
 108	90	2	80 10 
 109	90	2	48 42 
 110	88	2	14 74 
 111	90	2	89 1 
 112	90	2	0 90 
 113	90	2	35 55 
 114	90	2	78 12 
 115	90	2	0 90 
 116	90	2	83 7 
 117	90	2	1 89 
 118	90	2	85 5 
 119	90	2	81 9 
 120	90	2	90 0 
 121	90	2	77 13 
 122	90	2	0 90 
 123	88	2	1 87 
 124	90	2	75 15 
 125	90	2	0 90 
 126	90	2	59 31 
 127	90	2	90 0 
 128	90	2	11 79 
 129	90	2	88 2 
 130	88	2	15 73 
 131	90	2	71 19 
 132	90	2	88 2 
 133	90	2	38 52 
 134	90	2	89 1 
 135	90	2	81 9 
 136	90	2	78 12 
 137	90	2	84 6 
 138	90	2	26 64 
 139	90	2	67 23 
 140	90	2	0 90 
 141	90	2	90 0 
 142	90	2	2 88 
 143	90	2	84 6 
 144	90	2	19 71 
 145	90	2	0 90 
 146	90	2	44 46 
 147	90	2	3 87 
 148	90	2	18 72 
 149	90	2	62 28 
 150	90	2	76 14 
 151	90	2	6 84 

[pop]=15
 1	92	2	79 13 
 2	92	2	43 49 
 3	92	2	74 18 
 4	90	2	74 16 
 5	92	2	1 91 
 6	92	2	37 55 
 7	92	2	14 78 
 8	92	2	42 50 
 9	92	2	6 86 
 10	92	2	7 85 
 11	90	2	62 28 
 12	92	2	16 76 
 13	92	2	47 45 
 14	92	2	89 3 
 15	92	2	50 42 
 16	86	2	9 77 
 17	92	2	81 11 
 18	90	2	48 42 
 19	92	2	72 20 
 20	92	2	60 32 
 21	92	2	84 8 
 22	92	2	45 47 
 23	92	2	39 53 
 24	92	2	23 69 
 25	92	2	49 43 
 26	92	2	40 52 
 27	92	2	29 63 
 28	90	2	62 28 
 29	90	2	20 70 
 30	92	2	33 59 
 31	90	2	24 66 
 32	92	2	42 50 
 33	92	2	86 6 
 34	92	2	90 2 
 35	92	2	20 72 
 36	92	2	28 64 
 37	92	2	21 71 
 38	92	2	63 29 
 39	92	2	86 6 
 40	92	2	89 3 
 41	92	2	70 22 
 42	92	2	87 5 
 43	90	2	22 68 
 44	92	2	45 47 
 45	90	2	69 21 
 46	92	2	43 49 
 47	92	2	90 2 
 48	92	2	82 10 
 49	92	2	85 7 
 50	92	2	87 5 
 51	92	2	22 70 
 52	92	2	89 3 
 53	92	2	1 91 
 54	92	2	48 44 
 55	92	2	30 62 
 56	92	2	62 30 
 57	92	2	37 55 
 58	92	2	14 78 
 59	90	2	52 38 
 60	92	2	88 4 
 61	92	2	43 49 
 62	92	2	86 6 
 63	92	2	44 48 
 64	92	2	42 50 
 65	92	2	46 46 
 66	92	2	79 13 
 67	92	2	72 20 
 68	90	2	29 61 
 69	92	2	48 44 
 70	92	2	8 84 
 71	92	2	66 26 
 72	92	2	19 73 
 73	92	2	11 81 
 74	92	2	50 42 
 75	88	2	51 37 
 76	90	2	21 69 
 77	92	2	39 53 
 78	92	2	20 72 
 79	90	2	30 60 
 80	90	2	88 2 
 81	92	2	7 85 
 82	92	2	29 63 
 83	92	2	91 1 
 84	92	2	87 5 
 85	92	2	65 27 
 86	92	2	71 21 
 87	92	2	59 33 
 88	90	2	12 78 
 89	92	2	38 54 
 90	90	2	17 73 
 91	88	2	69 19 
 92	92	2	0 92 
 93	92	2	56 36 
 94	92	2	82 10 
 95	90	2	74 16 
 96	92	2	32 60 
 97	92	2	5 87 
 98	92	2	92 0 
 99	92	2	27 65 
 100	92	2	80 12 
 101	92	2	66 26 
 102	92	2	63 29 
 103	88	2	16 72 
 104	92	2	6 86 
 105	92	2	48 44 
 106	92	2	75 17 
 107	92	2	19 73 
 108	92	2	81 11 
 109	90	2	49 41 
 110	90	2	9 81 
 111	92	2	92 0 
 112	92	2	6 86 
 113	92	2	37 55 
 114	92	2	80 12 
 115	92	2	3 89 
 116	92	2	87 5 
 117	92	2	3 89 
 118	92	2	86 6 
 119	92	2	86 6 
 120	92	2	92 0 
 121	90	2	78 12 
 122	92	2	3 89 
 123	92	2	3 89 
 124	92	2	79 13 
 125	92	2	0 92 
 126	92	2	55 37 
 127	92	2	90 2 
 128	92	2	8 84 
 129	92	2	92 0 
 130	92	2	32 60 
 131	92	2	65 27 
 132	92	2	82 10 
 133	86	2	25 61 
 134	90	2	89 1 
 135	92	2	77 15 
 136	92	2	83 9 
 137	92	2	75 17 
 138	92	2	16 76 
 139	92	2	68 24 
 140	92	2	1 91 
 141	92	2	85 7 
 142	92	2	4 88 
 143	92	2	81 11 
 144	90	2	19 71 
 145	92	2	5 87 
 146	92	2	54 38 
 147	92	2	8 84 
 148	92	2	22 70 
 149	92	2	54 38 
 150	90	2	67 23 
 151	90	2	5 85 

[pop]=16
 1	92	2	79 13 
 2	92	2	45 47 
 3	92	2	71 21 
 4	92	2	56 36 
 5	92	2	5 87 
 6	92	2	43 49 
 7	88	2	18 70 
 8	92	2	44 48 
 9	92	2	10 82 
 10	92	2	2 90 
 11	90	2	45 45 
 12	92	2	14 78 
 13	92	2	59 33 
 14	92	2	87 5 
 15	88	2	34 54 
 16	92	2	6 86 
 17	92	2	72 20 
 18	92	2	46 46 
 19	92	2	80 12 
 20	92	2	57 35 
 21	90	2	75 15 
 22	92	2	39 53 
 23	92	2	28 64 
 24	92	2	30 62 
 25	92	2	47 45 
 26	92	2	34 58 
 27	92	2	31 61 
 28	92	2	55 37 
 29	92	2	32 60 
 30	92	2	56 36 
 31	92	2	33 59 
 32	92	2	39 53 
 33	92	2	84 8 
 34	92	2	88 4 
 35	92	2	22 70 
 36	92	2	23 69 
 37	92	2	27 65 
 38	92	2	66 26 
 39	92	2	81 11 
 40	92	2	81 11 
 41	92	2	66 26 
 42	92	2	84 8 
 43	92	2	28 64 
 44	92	2	35 57 
 45	92	2	66 26 
 46	92	2	55 37 
 47	92	2	88 4 
 48	92	2	87 5 
 49	92	2	87 5 
 50	92	2	84 8 
 51	92	2	14 78 
 52	92	2	83 9 
 53	92	2	2 90 
 54	92	2	50 42 
 55	90	2	12 78 
 56	92	2	67 25 
 57	92	2	34 58 
 58	92	2	23 69 
 59	92	2	52 40 
 60	92	2	88 4 
 61	92	2	42 50 
 62	92	2	89 3 
 63	92	2	47 45 
 64	92	2	42 50 
 65	92	2	65 27 
 66	92	2	77 15 
 67	92	2	70 22 
 68	92	2	23 69 
 69	92	2	47 45 
 70	92	2	18 74 
 71	92	2	60 32 
 72	92	2	44 48 
 73	92	2	23 69 
 74	92	2	57 35 
 75	92	2	37 55 
 76	90	2	16 74 
 77	92	2	46 46 
 78	92	2	20 72 
 79	92	2	34 58 
 80	88	2	87 1 
 81	92	2	9 83 
 82	92	2	33 59 
 83	92	2	91 1 
 84	92	2	90 2 
 85	92	2	59 33 
 86	92	2	73 19 
 87	92	2	51 41 
 88	92	2	10 82 
 89	92	2	34 58 
 90	92	2	27 65 
 91	92	2	59 33 
 92	92	2	5 87 
 93	92	2	58 34 
 94	92	2	85 7 
 95	90	2	75 15 
 96	92	2	22 70 
 97	92	2	9 83 
 98	92	2	91 1 
 99	92	2	22 70 
 100	92	2	81 11 
 101	92	2	72 20 
 102	92	2	64 28 
 103	92	2	34 58 
 104	92	2	12 80 
 105	92	2	40 52 
 106	92	2	76 16 
 107	92	2	19 73 
 108	92	2	84 8 
 109	92	2	37 55 
 110	92	2	11 81 
 111	92	2	91 1 
 112	92	2	4 88 
 113	92	2	49 43 
 114	92	2	85 7 
 115	90	2	0 90 
 116	92	2	78 14 
 117	92	2	8 84 
 118	90	2	81 9 
 119	92	2	71 21 
 120	92	2	90 2 
 121	92	2	86 6 
 122	92	2	4 88 
 123	92	2	8 84 
 124	92	2	65 27 
 125	92	2	1 91 
 126	92	2	60 32 
 127	92	2	91 1 
 128	92	2	5 87 
 129	90	2	84 6 
 130	90	2	31 59 
 131	92	2	64 28 
 132	92	2	79 13 
 133	92	2	24 68 
 134	92	2	92 0 
 135	92	2	88 4 
 136	92	2	75 17 
 137	92	2	66 26 
 138	92	2	18 74 
 139	92	2	62 30 
 140	92	2	1 91 
 141	92	2	91 1 
 142	92	2	7 85 
 143	92	2	77 15 
 144	92	2	33 59 
 145	92	2	4 88 
 146	92	2	71 21 
 147	92	2	10 82 
 148	92	2	21 71 
 149	92	2	60 32 
 150	92	2	65 27 
 151	92	2	9 83 

[pop]=17
 1	90	2	84 6 
 2	90	2	60 30 
 3	90	2	42 48 
 4	90	2	63 27 
 5	90	2	3 87 
 6	90	2	34 56 
 7	88	2	10 78 
 8	90	2	50 40 
 9	90	2	6 84 
 10	90	2	0 90 
 11	90	2	34 56 
 12	90	2	27 63 
 13	88	2	63 25 
 14	90	2	88 2 
 15	90	2	46 44 
 16	88	2	21 67 
 17	90	2	80 10 
 18	90	2	48 42 
 19	90	2	70 20 
 20	90	2	67 23 
 21	90	2	89 1 
 22	90	2	52 38 
 23	90	2	22 68 
 24	90	2	57 33 
 25	90	2	45 45 
 26	90	2	27 63 
 27	90	2	42 48 
 28	90	2	45 45 
 29	90	2	42 48 
 30	90	2	29 61 
 31	88	2	27 61 
 32	90	2	35 55 
 33	90	2	86 4 
 34	90	2	88 2 
 35	90	2	33 57 
 36	90	2	40 50 
 37	90	2	12 78 
 38	90	2	63 27 
 39	90	2	86 4 
 40	90	2	76 14 
 41	90	2	70 20 
 42	90	2	80 10 
 43	90	2	11 79 
 44	90	2	60 30 
 45	90	2	76 14 
 46	90	2	51 39 
 47	90	2	89 1 
 48	90	2	81 9 
 49	90	2	82 8 
 50	88	2	86 2 
 51	90	2	13 77 
 52	90	2	85 5 
 53	90	2	0 90 
 54	90	2	58 32 
 55	90	2	38 52 
 56	90	2	61 29 
 57	90	2	37 53 
 58	90	2	15 75 
 59	90	2	58 32 
 60	90	2	86 4 
 61	90	2	18 72 
 62	90	2	82 8 
 63	90	2	46 44 
 64	90	2	48 42 
 65	90	2	51 39 
 66	90	2	79 11 
 67	90	2	85 5 
 68	90	2	55 35 
 69	90	2	32 58 
 70	90	2	17 73 
 71	90	2	53 37 
 72	90	2	43 47 
 73	90	2	10 80 
 74	90	2	49 41 
 75	90	2	41 49 
 76	90	2	14 76 
 77	90	2	33 57 
 78	90	2	12 78 
 79	90	2	41 49 
 80	90	2	80 10 
 81	90	2	28 62 
 82	90	2	29 61 
 83	90	2	90 0 
 84	90	2	90 0 
 85	90	2	50 40 
 86	90	2	83 7 
 87	90	2	73 17 
 88	90	2	13 77 
 89	90	2	49 41 
 90	90	2	18 72 
 91	88	2	57 31 
 92	90	2	14 76 
 93	90	2	51 39 
 94	90	2	86 4 
 95	60	2	44 16 
 96	90	2	24 66 
 97	90	2	12 78 
 98	90	2	90 0 
 99	90	2	37 53 
 100	90	2	55 35 
 101	90	2	72 18 
 102	90	2	50 40 
 103	88	2	21 67 
 104	90	2	7 83 
 105	90	2	38 52 
 106	90	2	44 46 
 107	90	2	29 61 
 108	90	2	64 26 
 109	90	2	40 50 
 110	90	2	8 82 
 111	90	2	90 0 
 112	90	2	0 90 
 113	90	2	35 55 
 114	90	2	85 5 
 115	90	2	6 84 
 116	90	2	78 12 
 117	90	2	2 88 
 118	90	2	74 16 
 119	90	2	71 19 
 120	90	2	90 0 
 121	88	2	80 8 
 122	90	2	1 89 
 123	86	2	11 75 
 124	90	2	84 6 
 125	90	2	0 90 
 126	90	2	69 21 
 127	90	2	87 3 
 128	90	2	6 84 
 129	90	2	86 4 
 130	84	2	46 38 
 131	90	2	60 30 
 132	90	2	89 1 
 133	90	2	33 57 
 134	90	2	88 2 
 135	88	2	81 7 
 136	90	2	70 20 
 137	90	2	70 20 
 138	90	2	18 72 
 139	90	2	76 14 
 140	90	2	1 89 
 141	90	2	90 0 
 142	90	2	0 90 
 143	90	2	80 10 
 144	90	2	27 63 
 145	90	2	0 90 
 146	90	2	50 40 
 147	90	2	7 83 
 148	90	2	13 77 
 149	90	2	65 25 
 150	90	2	74 16 
 151	90	2	15 75 

[pop]=18
 1	90	2	73 17 
 2	90	2	65 25 
 3	90	2	56 34 
 4	90	2	65 25 
 5	90	2	6 84 
 6	90	2	48 42 
 7	90	2	16 74 
 8	90	2	48 42 
 9	90	2	2 88 
 10	90	2	0 90 
 11	90	2	50 40 
 12	90	2	12 78 
 13	90	2	51 39 
 14	90	2	89 1 
 15	90	2	59 31 
 16	90	2	6 84 
 17	90	2	75 15 
 18	90	2	47 43 
 19	90	2	66 24 
 20	90	2	54 36 
 21	90	2	81 9 
 22	90	2	49 41 
 23	90	2	23 67 
 24	90	2	56 34 
 25	90	2	34 56 
 26	90	2	40 50 
 27	88	2	52 36 
 28	90	2	40 50 
 29	90	2	17 73 
 30	90	2	36 54 
 31	90	2	21 69 
 32	90	2	29 61 
 33	90	2	77 13 
 34	90	2	86 4 
 35	90	2	5 85 
 36	90	2	17 73 
 37	90	2	17 73 
 38	90	2	53 37 
 39	90	2	74 16 
 40	90	2	76 14 
 41	90	2	78 12 
 42	90	2	85 5 
 43	90	2	5 85 
 44	88	2	24 64 
 45	90	2	76 14 
 46	90	2	55 35 
 47	90	2	86 4 
 48	90	2	75 15 
 49	90	2	76 14 
 50	90	2	86 4 
 51	90	2	11 79 
 52	90	2	88 2 
 53	90	2	1 89 
 54	90	2	55 35 
 55	90	2	31 59 
 56	88	2	71 17 
 57	90	2	44 46 
 58	90	2	6 84 
 59	90	2	68 22 
 60	90	2	72 18 
 61	88	2	13 75 
 62	90	2	83 7 
 63	90	2	26 64 
 64	90	2	60 30 
 65	90	2	47 43 
 66	90	2	85 5 
 67	90	2	85 5 
 68	90	2	34 56 
 69	90	2	28 62 
 70	90	2	7 83 
 71	90	2	51 39 
 72	90	2	27 63 
 73	90	2	11 79 
 74	90	2	46 44 
 75	90	2	38 52 
 76	90	2	21 69 
 77	90	2	29 61 
 78	90	2	12 78 
 79	90	2	52 38 
 80	90	2	82 8 
 81	90	2	12 78 
 82	90	2	30 60 
 83	90	2	85 5 
 84	90	2	90 0 
 85	90	2	48 42 
 86	90	2	73 17 
 87	90	2	62 28 
 88	84	2	13 71 
 89	90	2	42 48 
 90	90	2	25 65 
 91	90	2	59 31 
 92	88	2	12 76 
 93	88	2	42 46 
 94	90	2	84 6 
 95	88	2	70 18 
 96	90	2	32 58 
 97	90	2	5 85 
 98	90	2	88 2 
 99	90	2	32 58 
 100	88	2	77 11 
 101	90	2	86 4 
 102	90	2	51 39 
 103	88	2	10 78 
 104	90	2	5 85 
 105	90	2	54 36 
 106	90	2	75 15 
 107	90	2	30 60 
 108	90	2	67 23 
 109	90	2	27 63 
 110	90	2	15 75 
 111	90	2	90 0 
 112	90	2	1 89 
 113	90	2	42 48 
 114	90	2	82 8 
 115	84	2	0 84 
 116	90	2	77 13 
 117	90	2	3 87 
 118	90	2	76 14 
 119	90	2	75 15 
 120	90	2	90 0 
 121	90	2	81 9 
 122	90	2	0 90 
 123	88	2	8 80 
 124	90	2	83 7 
 125	90	2	0 90 
 126	90	2	62 28 
 127	90	2	85 5 
 128	90	2	16 74 
 129	88	2	79 9 
 130	84	2	33 51 
 131	90	2	58 32 
 132	90	2	82 8 
 133	90	2	38 52 
 134	90	2	90 0 
 135	90	2	87 3 
 136	90	2	82 8 
 137	90	2	65 25 
 138	88	2	23 65 
 139	90	2	76 14 
 140	90	2	0 90 
 141	90	2	90 0 
 142	90	2	6 84 
 143	90	2	63 27 
 144	90	2	15 75 
 145	90	2	7 83 
 146	90	2	64 26 
 147	90	2	2 88 
 148	90	2	7 83 
 149	90	2	77 13 
 150	90	2	74 16 
 151	90	2	1 89 

[pop]=19
 1	78	2	71 7 
 2	78	2	40 38 
 3	78	2	50 28 
 4	78	2	44 34 
 5	78	2	3 75 
 6	78	2	36 42 
 7	78	2	18 60 
 8	78	2	38 40 
 9	78	2	0 78 
 10	78	2	1 77 
 11	78	2	42 36 
 12	76	2	16 60 
 13	78	2	51 27 
 14	78	2	76 2 
 15	78	2	26 52 
 16	76	2	8 68 
 17	78	2	73 5 
 18	78	2	44 34 
 19	78	2	71 7 
 20	78	2	64 14 
 21	78	2	69 9 
 22	78	2	55 23 
 23	78	2	30 48 
 24	78	2	37 41 
 25	78	2	38 40 
 26	78	2	19 59 
 27	78	2	27 51 
 28	76	2	43 33 
 29	78	2	27 51 
 30	78	2	41 37 
 31	78	2	23 55 
 32	78	2	16 62 
 33	78	2	72 6 
 34	78	2	78 0 
 35	78	2	10 68 
 36	76	2	33 43 
 37	78	2	33 45 
 38	78	2	55 23 
 39	78	2	68 10 
 40	78	2	62 16 
 41	78	2	49 29 
 42	78	2	66 12 
 43	78	2	8 70 
 44	78	2	35 43 
 45	74	2	64 10 
 46	76	2	49 27 
 47	78	2	77 1 
 48	78	2	61 17 
 49	78	2	76 2 
 50	78	2	69 9 
 51	78	2	11 67 
 52	78	2	74 4 
 53	78	2	0 78 
 54	78	2	54 24 
 55	78	2	21 57 
 56	78	2	61 17 
 57	78	2	38 40 
 58	78	2	17 61 
 59	78	2	48 30 
 60	78	2	62 16 
 61	78	2	26 52 
 62	78	2	65 13 
 63	78	2	30 48 
 64	76	2	40 36 
 65	78	2	46 32 
 66	76	2	70 6 
 67	78	2	69 9 
 68	78	2	30 48 
 69	78	2	24 54 
 70	78	2	5 73 
 71	76	2	34 42 
 72	78	2	44 34 
 73	78	2	6 72 
 74	78	2	39 39 
 75	78	2	50 28 
 76	78	2	22 56 
 77	78	2	19 59 
 78	78	2	13 65 
 79	78	2	48 30 
 80	78	2	77 1 
 81	78	2	13 65 
 82	76	2	29 47 
 83	78	2	78 0 
 84	78	2	77 1 
 85	74	2	44 30 
 86	78	2	72 6 
 87	78	2	44 34 
 88	72	2	15 57 
 89	78	2	53 25 
 90	78	2	28 50 
 91	78	2	48 30 
 92	76	2	2 74 
 93	78	2	45 33 
 94	78	2	72 6 
 95	78	2	61 17 
 96	78	2	16 62 
 97	78	2	2 76 
 98	76	2	76 0 
 99	78	2	17 61 
 100	78	2	47 31 
 101	78	2	63 15 
 102	78	2	56 22 
 103	76	2	14 62 
 104	78	2	3 75 
 105	78	2	29 49 
 106	78	2	57 21 
 107	78	2	11 67 
 108	78	2	56 22 
 109	78	2	26 52 
 110	76	2	0 76 
 111	78	2	76 2 
 112	78	2	1 77 
 113	78	2	38 40 
 114	78	2	74 4 
 115	74	2	0 74 
 116	78	2	70 8 
 117	78	2	2 76 
 118	78	2	65 13 
 119	78	2	65 13 
 120	78	2	78 0 
 121	72	2	57 15 
 122	78	2	1 77 
 123	74	2	8 66 
 124	78	2	76 2 
 125	78	2	0 78 
 126	78	2	64 14 
 127	78	2	78 0 
 128	78	2	6 72 
 129	78	2	69 9 
 130	76	2	24 52 
 131	78	2	52 26 
 132	78	2	76 2 
 133	78	2	31 47 
 134	78	2	77 1 
 135	78	2	65 13 
 136	78	2	73 5 
 137	78	2	53 25 
 138	78	2	19 59 
 139	78	2	58 20 
 140	78	2	0 78 
 141	78	2	78 0 
 142	78	2	0 78 
 143	78	2	63 15 
 144	78	2	11 67 
 145	78	2	3 75 
 146	78	2	67 11 
 147	78	2	1 77 
 148	78	2	12 66 
 149	78	2	58 20 
 150	78	2	66 12 
 151	78	2	10 68 

[pop]=20
 1	90	2	80 10 
 2	90	2	48 42 
 3	90	2	44 46 
 4	90	2	74 16 
 5	90	2	6 84 
 6	90	2	26 64 
 7	90	2	8 82 
 8	90	2	38 52 
 9	90	2	6 84 
 10	90	2	0 90 
 11	90	2	24 66 
 12	90	2	24 66 
 13	90	2	56 34 
 14	90	2	89 1 
 15	82	2	49 33 
 16	90	2	5 85 
 17	90	2	65 25 
 18	90	2	61 29 
 19	90	2	60 30 
 20	90	2	76 14 
 21	90	2	79 11 
 22	90	2	46 44 
 23	90	2	24 66 
 24	90	2	50 40 
 25	90	2	29 61 
 26	90	2	30 60 
 27	90	2	30 60 
 28	90	2	40 50 
 29	90	2	28 62 
 30	90	2	38 52 
 31	90	2	34 56 
 32	90	2	32 58 
 33	90	2	80 10 
 34	90	2	81 9 
 35	90	2	17 73 
 36	84	2	11 73 
 37	90	2	17 73 
 38	90	2	67 23 
 39	90	2	80 10 
 40	90	2	79 11 
 41	90	2	53 37 
 42	90	2	90 0 
 43	90	2	9 81 
 44	88	2	39 49 
 45	90	2	75 15 
 46	88	2	45 43 
 47	90	2	89 1 
 48	90	2	67 23 
 49	90	2	80 10 
 50	90	2	87 3 
 51	90	2	19 71 
 52	90	2	83 7 
 53	90	2	3 87 
 54	90	2	50 40 
 55	90	2	39 51 
 56	90	2	65 25 
 57	90	2	29 61 
 58	90	2	12 78 
 59	90	2	60 30 
 60	90	2	83 7 
 61	90	2	17 73 
 62	90	2	72 18 
 63	90	2	42 48 
 64	90	2	49 41 
 65	90	2	59 31 
 66	90	2	85 5 
 67	90	2	76 14 
 68	90	2	38 52 
 69	90	2	33 57 
 70	90	2	4 86 
 71	90	2	46 44 
 72	90	2	40 50 
 73	90	2	13 77 
 74	90	2	44 46 
 75	90	2	31 59 
 76	90	2	16 74 
 77	90	2	36 54 
 78	90	2	10 80 
 79	90	2	55 35 
 80	90	2	87 3 
 81	90	2	28 62 
 82	88	2	32 56 
 83	90	2	90 0 
 84	90	2	88 2 
 85	88	2	44 44 
 86	90	2	81 9 
 87	90	2	62 28 
 88	84	2	5 79 
 89	90	2	38 52 
 90	90	2	17 73 
 91	88	2	53 35 
 92	88	2	3 85 
 93	90	2	56 34 
 94	90	2	84 6 
 95	90	2	66 24 
 96	90	2	25 65 
 97	90	2	6 84 
 98	90	2	90 0 
 99	90	2	38 52 
 100	90	2	59 31 
 101	90	2	82 8 
 102	90	2	62 28 
 103	90	2	12 78 
 104	90	2	4 86 
 105	90	2	47 43 
 106	90	2	67 23 
 107	90	2	27 63 
 108	90	2	72 18 
 109	90	2	33 57 
 110	90	2	8 82 
 111	90	2	90 0 
 112	88	2	1 87 
 113	90	2	45 45 
 114	90	2	83 7 
 115	86	2	1 85 
 116	90	2	77 13 
 117	90	2	2 88 
 118	90	2	79 11 
 119	90	2	76 14 
 120	90	2	90 0 
 121	90	2	62 28 
 122	90	2	1 89 
 123	78	2	14 64 
 124	90	2	88 2 
 125	90	2	1 89 
 126	90	2	70 20 
 127	90	2	90 0 
 128	90	2	4 86 
 129	90	2	88 2 
 130	78	2	21 57 
 131	90	2	62 28 
 132	90	2	85 5 
 133	86	2	36 50 
 134	90	2	90 0 
 135	90	2	80 10 
 136	90	2	69 21 
 137	90	2	69 21 
 138	88	2	13 75 
 139	90	2	68 22 
 140	90	2	0 90 
 141	90	2	89 1 
 142	90	2	0 90 
 143	90	2	80 10 
 144	90	2	18 72 
 145	90	2	0 90 
 146	90	2	74 16 
 147	90	2	2 88 
 148	90	2	12 78 
 149	90	2	73 17 
 150	90	2	75 15 
 151	90	2	12 78 

[pop]=21
 1	94	2	86 8 
 2	94	2	39 55 
 3	94	2	73 21 
 4	94	2	60 34 
 5	94	2	11 83 
 6	94	2	39 55 
 7	92	2	18 74 
 8	94	2	45 49 
 9	94	2	0 94 
 10	94	2	0 94 
 11	94	2	65 29 
 12	94	2	7 87 
 13	94	2	59 35 
 14	94	2	88 6 
 15	94	2	53 41 
 16	94	2	11 83 
 17	94	2	87 7 
 18	94	2	47 47 
 19	94	2	57 37 
 20	94	2	63 31 
 21	94	2	78 16 
 22	94	2	50 44 
 23	94	2	32 62 
 24	94	2	33 61 
 25	94	2	53 41 
 26	94	2	47 47 
 27	94	2	47 47 
 28	94	2	50 44 
 29	94	2	15 79 
 30	94	2	53 41 
 31	94	2	36 58 
 32	94	2	38 56 
 33	94	2	90 4 
 34	92	2	85 7 
 35	94	2	15 79 
 36	94	2	35 59 
 37	94	2	28 66 
 38	94	2	80 14 
 39	94	2	70 24 
 40	94	2	88 6 
 41	94	2	68 26 
 42	94	2	87 7 
 43	94	2	25 69 
 44	94	2	50 44 
 45	94	2	89 5 
 46	94	2	68 26 
 47	94	2	89 5 
 48	94	2	80 14 
 49	94	2	86 8 
 50	94	2	84 10 
 51	92	2	20 72 
 52	94	2	90 4 
 53	94	2	3 91 
 54	94	2	49 45 
 55	94	2	26 68 
 56	94	2	67 27 
 57	94	2	37 57 
 58	94	2	16 78 
 59	94	2	71 23 
 60	94	2	74 20 
 61	94	2	39 55 
 62	94	2	91 3 
 63	94	2	34 60 
 64	94	2	52 42 
 65	92	2	69 23 
 66	94	2	73 21 
 67	94	2	84 10 
 68	94	2	31 63 
 69	94	2	32 62 
 70	94	2	18 76 
 71	94	2	66 28 
 72	94	2	41 53 
 73	94	2	14 80 
 74	92	2	38 54 
 75	94	2	35 59 
 76	94	2	39 55 
 77	94	2	44 50 
 78	94	2	48 46 
 79	94	2	54 40 
 80	94	2	90 4 
 81	94	2	15 79 
 82	94	2	41 53 
 83	94	2	91 3 
 84	94	2	92 2 
 85	94	2	69 25 
 86	94	2	77 17 
 87	94	2	63 31 
 88	86	2	14 72 
 89	94	2	34 60 
 90	94	2	40 54 
 91	94	2	59 35 
 92	94	2	4 90 
 93	94	2	45 49 
 94	94	2	81 13 
 95	94	2	81 13 
 96	94	2	34 60 
 97	94	2	6 88 
 98	92	2	92 0 
 99	94	2	23 71 
 100	94	2	77 17 
 101	94	2	70 24 
 102	94	2	59 35 
 103	94	2	5 89 
 104	94	2	4 90 
 105	94	2	56 38 
 106	94	2	71 23 
 107	94	2	7 87 
 108	94	2	75 19 
 109	94	2	39 55 
 110	94	2	3 91 
 111	94	2	91 3 
 112	92	2	1 91 
 113	94	2	53 41 
 114	94	2	80 14 
 115	94	2	5 89 
 116	94	2	88 6 
 117	94	2	7 87 
 118	94	2	91 3 
 119	94	2	78 16 
 120	94	2	93 1 
 121	94	2	81 13 
 122	94	2	4 90 
 123	82	2	21 61 
 124	94	2	85 9 
 125	94	2	1 93 
 126	94	2	70 24 
 127	94	2	89 5 
 128	94	2	5 89 
 129	90	2	88 2 
 130	90	2	35 55 
 131	94	2	70 24 
 132	94	2	86 8 
 133	94	2	21 73 
 134	94	2	93 1 
 135	94	2	76 18 
 136	94	2	77 17 
 137	94	2	72 22 
 138	94	2	22 72 
 139	94	2	59 35 
 140	94	2	0 94 
 141	94	2	92 2 
 142	94	2	4 90 
 143	94	2	85 9 
 144	94	2	23 71 
 145	94	2	5 89 
 146	94	2	42 52 
 147	94	2	11 83 
 148	94	2	19 75 
 149	94	2	77 17 
 150	94	2	57 37 
 151	94	2	17 77 

[pop]=22
 1	92	2	89 3 
 2	92	2	38 54 
 3	92	2	75 17 
 4	92	2	60 32 
 5	92	2	12 80 
 6	92	2	32 60 
 7	90	2	10 80 
 8	92	2	57 35 
 9	92	2	5 87 
 10	92	2	2 90 
 11	92	2	63 29 
 12	92	2	6 86 
 13	92	2	57 35 
 14	92	2	85 7 
 15	88	2	47 41 
 16	92	2	7 85 
 17	92	2	78 14 
 18	92	2	32 60 
 19	92	2	78 14 
 20	92	2	53 39 
 21	92	2	85 7 
 22	92	2	42 50 
 23	92	2	40 52 
 24	92	2	35 57 
 25	92	2	66 26 
 26	92	2	45 47 
 27	92	2	47 45 
 28	92	2	45 47 
 29	92	2	20 72 
 30	92	2	54 38 
 31	92	2	27 65 
 32	92	2	34 58 
 33	92	2	80 12 
 34	92	2	85 7 
 35	92	2	18 74 
 36	92	2	39 53 
 37	92	2	39 53 
 38	92	2	77 15 
 39	92	2	82 10 
 40	92	2	88 4 
 41	92	2	61 31 
 42	92	2	82 10 
 43	92	2	11 81 
 44	92	2	49 43 
 45	92	2	72 20 
 46	92	2	51 41 
 47	90	2	85 5 
 48	92	2	75 17 
 49	92	2	78 14 
 50	92	2	91 1 
 51	92	2	31 61 
 52	92	2	81 11 
 53	92	2	8 84 
 54	92	2	48 44 
 55	92	2	18 74 
 56	92	2	72 20 
 57	92	2	37 55 
 58	92	2	12 80 
 59	92	2	57 35 
 60	92	2	77 15 
 61	92	2	36 56 
 62	92	2	85 7 
 63	92	2	47 45 
 64	92	2	52 40 
 65	92	2	57 35 
 66	92	2	75 17 
 67	92	2	78 14 
 68	92	2	38 54 
 69	92	2	44 48 
 70	92	2	13 79 
 71	92	2	63 29 
 72	92	2	33 59 
 73	92	2	5 87 
 74	92	2	32 60 
 75	92	2	31 61 
 76	92	2	41 51 
 77	92	2	27 65 
 78	92	2	28 64 
 79	92	2	37 55 
 80	92	2	78 14 
 81	92	2	4 88 
 82	92	2	35 57 
 83	92	2	91 1 
 84	92	2	84 8 
 85	92	2	78 14 
 86	92	2	70 22 
 87	92	2	56 36 
 88	88	2	10 78 
 89	92	2	44 48 
 90	92	2	25 67 
 91	90	2	65 25 
 92	92	2	3 89 
 93	92	2	43 49 
 94	92	2	88 4 
 95	92	2	75 17 
 96	92	2	29 63 
 97	92	2	9 83 
 98	92	2	92 0 
 99	92	2	20 72 
 100	92	2	80 12 
 101	92	2	55 37 
 102	92	2	61 31 
 103	92	2	22 70 
 104	92	2	3 89 
 105	92	2	53 39 
 106	92	2	75 17 
 107	92	2	10 82 
 108	92	2	78 14 
 109	92	2	47 45 
 110	92	2	4 88 
 111	92	2	89 3 
 112	92	2	9 83 
 113	92	2	36 56 
 114	92	2	78 14 
 115	92	2	3 89 
 116	92	2	89 3 
 117	92	2	6 86 
 118	92	2	83 9 
 119	92	2	83 9 
 120	92	2	88 4 
 121	92	2	79 13 
 122	92	2	3 89 
 123	82	2	14 68 
 124	92	2	85 7 
 125	92	2	0 92 
 126	92	2	56 36 
 127	92	2	89 3 
 128	92	2	9 83 
 129	92	2	91 1 
 130	84	2	27 57 
 131	92	2	66 26 
 132	92	2	69 23 
 133	92	2	20 72 
 134	92	2	87 5 
 135	92	2	80 12 
 136	92	2	81 11 
 137	92	2	77 15 
 138	90	2	22 68 
 139	92	2	66 26 
 140	92	2	1 91 
 141	92	2	84 8 
 142	92	2	9 83 
 143	92	2	72 20 
 144	92	2	17 75 
 145	92	2	6 86 
 146	92	2	63 29 
 147	92	2	11 81 
 148	92	2	20 72 
 149	92	2	71 21 
 150	92	2	63 29 
 151	92	2	12 80 

[pop]=23
 1	118	2	110 8 
 2	118	2	52 66 
 3	118	2	101 17 
 4	118	2	82 36 
 5	118	2	9 109 
 6	118	2	39 79 
 7	116	2	39 77 
 8	118	2	55 63 
 9	118	2	6 112 
 10	118	2	6 112 
 11	118	2	81 37 
 12	118	2	8 110 
 13	118	2	72 46 
 14	118	2	113 5 
 15	110	2	56 54 
 16	118	2	12 106 
 17	118	2	111 7 
 18	118	2	70 48 
 19	118	2	91 27 
 20	116	2	84 32 
 21	118	2	108 10 
 22	118	2	61 57 
 23	118	2	27 91 
 24	118	2	52 66 
 25	118	2	72 46 
 26	118	2	42 76 
 27	116	2	53 63 
 28	118	2	77 41 
 29	118	2	31 87 
 30	118	2	58 60 
 31	118	2	21 97 
 32	118	2	48 70 
 33	118	2	105 13 
 34	118	2	110 8 
 35	118	2	15 103 
 36	108	2	55 53 
 37	118	2	46 72 
 38	118	2	88 30 
 39	118	2	89 29 
 40	118	2	107 11 
 41	118	2	90 28 
 42	118	2	104 14 
 43	114	2	21 93 
 44	118	2	52 66 
 45	118	2	97 21 
 46	118	2	69 49 
 47	118	2	118 0 
 48	118	2	115 3 
 49	118	2	110 8 
 50	118	2	112 6 
 51	118	2	29 89 
 52	118	2	109 9 
 53	118	2	7 111 
 54	118	2	74 44 
 55	118	2	26 92 
 56	118	2	86 32 
 57	118	2	59 59 
 58	118	2	22 96 
 59	118	2	81 37 
 60	118	2	103 15 
 61	118	2	41 77 
 62	118	2	109 9 
 63	118	2	62 56 
 64	118	2	78 40 
 65	118	2	72 46 
 66	118	2	100 18 
 67	118	2	104 14 
 68	118	2	34 84 
 69	118	2	76 42 
 70	118	2	27 91 
 71	118	2	84 34 
 72	118	2	35 83 
 73	118	2	25 93 
 74	118	2	57 61 
 75	118	2	44 74 
 76	118	2	37 81 
 77	118	2	30 88 
 78	118	2	35 83 
 79	118	2	46 72 
 80	118	2	113 5 
 81	116	2	20 96 
 82	118	2	50 68 
 83	118	2	118 0 
 84	118	2	111 7 
 85	118	2	100 18 
 86	118	2	89 29 
 87	118	2	89 29 
 88	112	2	23 89 
 89	118	2	59 59 
 90	118	2	41 77 
 91	118	2	92 26 
 92	118	2	9 109 
 93	116	2	71 45 
 94	118	2	115 3 
 95	118	2	106 12 
 96	118	2	63 55 
 97	118	2	9 109 
 98	116	2	116 0 
 99	118	2	22 96 
 100	118	2	96 22 
 101	118	2	77 41 
 102	118	2	75 43 
 103	118	2	21 97 
 104	118	2	7 111 
 105	118	2	70 48 
 106	118	2	104 14 
 107	118	2	5 113 
 108	118	2	91 27 
 109	118	2	57 61 
 110	118	2	2 116 
 111	118	2	114 4 
 112	118	2	4 114 
 113	118	2	54 64 
 114	118	2	96 22 
 115	118	2	0 118 
 116	118	2	110 8 
 117	118	2	1 117 
 118	116	2	110 6 
 119	118	2	103 15 
 120	118	2	118 0 
 121	118	2	104 14 
 122	118	2	5 113 
 123	110	2	16 94 
 124	118	2	95 23 
 125	118	2	2 116 
 126	118	2	80 38 
 127	118	2	115 3 
 128	118	2	3 115 
 129	118	2	112 6 
 130	110	2	53 57 
 131	118	2	83 35 
 132	118	2	113 5 
 133	116	2	22 94 
 134	118	2	113 5 
 135	118	2	101 17 
 136	118	2	95 23 
 137	118	2	100 18 
 138	118	2	32 86 
 139	118	2	89 29 
 140	118	2	0 118 
 141	118	2	108 10 
 142	118	2	8 110 
 143	118	2	95 23 
 144	118	2	25 93 
 145	118	2	0 118 
 146	118	2	78 40 
 147	118	2	7 111 
 148	118	2	37 81 
 149	118	2	85 33 
 150	118	2	58 60 
 151	118	2	13 105 


