[loci]=24

[populations]=23

[pop]=1
 1	86	2	85 1 
 2	86	2	66 20 
 3	86	2	18 68 
 4	86	2	61 25 
 5	86	2	27 59 
 6	86	2	23 63 
 7	86	2	82 4 
 8	86	2	83 3 
 9	86	2	85 1 
 10	86	2	7 79 
 11	86	2	56 30 
 12	84	2	26 58 
 13	86	2	24 62 
 14	86	2	66 20 
 15	86	2	20 66 
 16	86	2	56 30 
 17	86	2	24 62 
 18	84	2	12 72 
 19	86	2	1 85 
 20	86	2	72 14 
 21	86	2	78 8 
 22	86	2	52 34 
 23	86	2	5 81 
 24	86	2	20 66 

[pop]=2
 1	210	2	209 1 
 2	210	2	156 54 
 3	210	2	25 185 
 4	210	2	148 62 
 5	210	2	28 182 
 6	210	2	71 139 
 7	210	2	208 2 
 8	210	2	204 6 
 9	210	2	191 19 
 10	210	2	29 181 
 11	210	2	126 84 
 12	210	2	67 143 
 13	210	2	29 181 
 14	208	2	154 54 
 15	210	2	78 132 
 16	210	2	132 78 
 17	210	2	59 151 
 18	208	2	11 197 
 19	210	2	0 210 
 20	210	2	131 79 
 21	210	2	201 9 
 22	210	2	134 76 
 23	210	2	16 194 
 24	208	2	55 153 

[pop]=3
 1	234	2	230 4 
 2	234	2	170 64 
 3	234	2	42 192 
 4	234	2	154 80 
 5	234	2	25 209 
 6	234	2	75 159 
 7	234	2	227 7 
 8	234	2	219 15 
 9	234	2	217 17 
 10	234	2	30 204 
 11	234	2	123 111 
 12	234	2	77 157 
 13	234	2	28 206 
 14	234	2	180 54 
 15	234	2	79 155 
 16	234	2	155 79 
 17	234	2	74 160 
 18	234	2	23 211 
 19	234	2	0 234 
 20	234	2	170 64 
 21	234	2	225 9 
 22	234	2	145 89 
 23	234	2	10 224 
 24	232	2	79 153 

[pop]=4
 1	74	2	65 9 
 2	74	2	51 23 
 3	74	2	19 55 
 4	74	2	58 16 
 5	74	2	31 43 
 6	74	2	28 46 
 7	74	2	74 0 
 8	74	2	69 5 
 9	74	2	63 11 
 10	74	2	9 65 
 11	74	2	40 34 
 12	74	2	26 48 
 13	74	2	15 59 
 14	74	2	51 23 
 15	74	2	28 46 
 16	74	2	53 21 
 17	74	2	35 39 
 18	74	2	5 69 
 19	74	2	5 69 
 20	74	2	50 24 
 21	74	2	67 7 
 22	74	2	47 27 
 23	74	2	4 70 
 24	74	2	34 40 

[pop]=5
 1	190	2	178 12 
 2	192	2	99 93 
 3	192	2	13 179 
 4	192	2	141 51 
 5	190	2	48 142 
 6	192	2	64 128 
 7	192	2	182 10 
 8	192	2	183 9 
 9	192	2	176 16 
 10	192	2	31 161 
 11	192	2	115 77 
 12	192	2	56 136 
 13	192	2	29 163 
 14	192	2	134 58 
 15	192	2	80 112 
 16	192	2	132 60 
 17	192	2	90 102 
 18	192	2	23 169 
 19	192	2	10 182 
 20	192	2	124 68 
 21	192	2	185 7 
 22	192	2	112 80 
 23	192	2	10 182 
 24	182	2	70 112 

[pop]=6
 1	168	2	157 11 
 2	168	2	119 49 
 3	168	2	34 134 
 4	168	2	136 32 
 5	166	2	55 111 
 6	168	2	61 107 
 7	168	2	150 18 
 8	168	2	154 14 
 9	168	2	141 27 
 10	168	2	35 133 
 11	168	2	111 57 
 12	168	2	35 133 
 13	168	2	25 143 
 14	166	2	122 44 
 15	168	2	61 107 
 16	168	2	108 60 
 17	168	2	71 97 
 18	166	2	21 145 
 19	168	2	13 155 
 20	168	2	101 67 
 21	168	2	155 13 
 22	164	2	99 65 
 23	168	2	9 159 
 24	164	2	58 106 

[pop]=7
 1	196	2	190 6 
 2	198	2	149 49 
 3	198	2	36 162 
 4	198	2	139 59 
 5	198	2	34 164 
 6	196	2	67 129 
 7	198	2	184 14 
 8	198	2	190 8 
 9	198	2	170 28 
 10	198	2	24 174 
 11	198	2	118 80 
 12	198	2	74 124 
 13	198	2	29 169 
 14	194	2	139 55 
 15	198	2	54 144 
 16	198	2	126 72 
 17	198	2	79 119 
 18	192	2	17 175 
 19	198	2	1 197 
 20	198	2	138 60 
 21	198	2	176 22 
 22	198	2	123 75 
 23	198	2	5 193 
 24	196	2	78 118 

[pop]=8
 1	118	2	117 1 
 2	118	2	80 38 
 3	118	2	50 68 
 4	118	2	75 43 
 5	118	2	15 103 
 6	118	2	37 81 
 7	118	2	96 22 
 8	118	2	112 6 
 9	118	2	114 4 
 10	118	2	1 117 
 11	118	2	80 38 
 12	118	2	60 58 
 13	118	2	16 102 
 14	118	2	102 16 
 15	118	2	28 90 
 16	118	2	64 54 
 17	118	2	30 88 
 18	118	2	4 114 
 19	118	2	0 118 
 20	118	2	104 14 
 21	118	2	116 2 
 22	118	2	22 96 
 23	118	2	13 105 
 24	118	2	23 95 

[pop]=9
 1	84	2	84 0 
 2	84	2	53 31 
 3	84	2	25 59 
 4	84	2	59 25 
 5	84	2	26 58 
 6	84	2	15 69 
 7	84	2	75 9 
 8	84	2	82 2 
 9	82	2	54 28 
 10	84	2	0 84 
 11	84	2	54 30 
 12	84	2	39 45 
 13	84	2	3 81 
 14	84	2	74 10 
 15	84	2	21 63 
 16	82	2	34 48 
 17	84	2	31 53 
 18	84	2	6 78 
 19	82	2	0 82 
 20	84	2	58 26 
 21	84	2	81 3 
 22	84	2	21 63 
 23	84	2	6 78 
 24	84	2	19 65 

[pop]=10
 1	62	2	62 0 
 2	62	2	39 23 
 3	62	2	16 46 
 4	62	2	49 13 
 5	62	2	10 52 
 6	62	2	16 46 
 7	60	2	52 8 
 8	62	2	60 2 
 9	62	2	46 16 
 10	62	2	0 62 
 11	62	2	35 27 
 12	62	2	33 29 
 13	62	2	13 49 
 14	62	2	48 14 
 15	62	2	19 43 
 16	62	2	37 25 
 17	62	2	14 48 
 18	60	2	14 46 
 19	62	2	0 62 
 20	62	2	39 23 
 21	62	2	60 2 
 22	62	2	13 49 
 23	62	2	12 50 
 24	62	2	12 50 

[pop]=11
 1	46	2	46 0 
 2	46	2	35 11 
 3	46	2	16 30 
 4	46	2	40 6 
 5	46	2	12 34 
 6	44	2	12 32 
 7	44	2	39 5 
 8	46	2	45 1 
 9	46	2	35 11 
 10	46	2	0 46 
 11	46	2	30 16 
 12	46	2	20 26 
 13	46	2	7 39 
 14	46	2	41 5 
 15	46	2	16 30 
 16	46	2	25 21 
 17	46	2	15 31 
 18	46	2	6 40 
 19	46	2	0 46 
 20	46	2	35 11 
 21	46	2	44 2 
 22	46	2	8 38 
 23	46	2	6 40 
 24	46	2	11 35 

[pop]=12
 1	112	2	110 2 
 2	112	2	81 31 
 3	112	2	30 82 
 4	112	2	96 16 
 5	112	2	19 93 
 6	112	2	26 86 
 7	112	2	109 3 
 8	112	2	112 0 
 9	112	2	88 24 
 10	112	2	1 111 
 11	112	2	74 38 
 12	110	2	52 58 
 13	112	2	20 92 
 14	112	2	91 21 
 15	112	2	26 86 
 16	112	2	49 63 
 17	112	2	42 70 
 18	112	2	2 110 
 19	112	2	1 111 
 20	112	2	97 15 
 21	112	2	105 7 
 22	112	2	32 80 
 23	112	2	11 101 
 24	112	2	29 83 

[pop]=13
 1	168	2	168 0 
 2	168	2	112 56 
 3	168	2	47 121 
 4	168	2	132 36 
 5	168	2	29 139 
 6	168	2	41 127 
 7	166	2	151 15 
 8	168	2	167 1 
 9	168	2	135 33 
 10	168	2	0 168 
 11	168	2	112 56 
 12	158	2	73 85 
 13	168	2	28 140 
 14	168	2	136 32 
 15	168	2	27 141 
 16	168	2	110 58 
 17	168	2	59 109 
 18	166	2	17 149 
 19	168	2	0 168 
 20	168	2	117 51 
 21	168	2	164 4 
 22	168	2	48 120 
 23	168	2	8 160 
 24	168	2	38 130 

[pop]=14
 1	90	2	90 0 
 2	90	2	65 25 
 3	90	2	30 60 
 4	90	2	65 25 
 5	90	2	27 63 
 6	90	2	30 60 
 7	90	2	83 7 
 8	90	2	90 0 
 9	90	2	81 9 
 10	90	2	0 90 
 11	90	2	61 29 
 12	86	2	56 30 
 13	90	2	18 72 
 14	90	2	62 28 
 15	90	2	13 77 
 16	90	2	61 29 
 17	90	2	40 50 
 18	88	2	2 86 
 19	90	2	0 90 
 20	90	2	68 22 
 21	90	2	90 0 
 22	90	2	24 66 
 23	90	2	2 88 
 24	88	2	15 73 

[pop]=15
 1	92	2	88 4 
 2	90	2	63 27 
 3	92	2	26 66 
 4	92	2	69 23 
 5	92	2	27 65 
 6	92	2	27 65 
 7	92	2	85 7 
 8	92	2	87 5 
 9	92	2	82 10 
 10	92	2	2 90 
 11	92	2	65 27 
 12	90	2	35 55 
 13	92	2	9 83 
 14	92	2	73 19 
 15	92	2	17 75 
 16	92	2	44 48 
 17	92	2	39 53 
 18	92	2	11 81 
 19	92	2	2 90 
 20	92	2	72 20 
 21	92	2	87 5 
 22	92	2	33 59 
 23	92	2	5 87 
 24	92	2	14 78 

[pop]=16
 1	92	2	92 0 
 2	92	2	69 23 
 3	92	2	17 75 
 4	92	2	65 27 
 5	92	2	27 65 
 6	92	2	32 60 
 7	92	2	86 6 
 8	92	2	86 6 
 9	92	2	85 7 
 10	92	2	9 83 
 11	92	2	62 30 
 12	90	2	43 47 
 13	92	2	24 68 
 14	92	2	74 18 
 15	92	2	24 68 
 16	92	2	48 44 
 17	92	2	44 48 
 18	90	2	7 83 
 19	92	2	1 91 
 20	92	2	76 16 
 21	92	2	87 5 
 22	92	2	35 57 
 23	92	2	6 86 
 24	92	2	22 70 

[pop]=17
 1	90	2	87 3 
 2	90	2	54 36 
 3	90	2	5 85 
 4	90	2	63 27 
 5	90	2	18 72 
 6	90	2	15 75 
 7	88	2	83 5 
 8	90	2	89 1 
 9	90	2	75 15 
 10	90	2	0 90 
 11	90	2	52 38 
 12	90	2	56 34 
 13	90	2	36 54 
 14	90	2	66 24 
 15	90	2	44 46 
 16	90	2	45 45 
 17	90	2	16 74 
 18	90	2	2 88 
 19	90	2	0 90 
 20	90	2	55 35 
 21	90	2	89 1 
 22	90	2	48 42 
 23	90	2	3 87 
 24	90	2	19 71 

[pop]=18
 1	90	2	90 0 
 2	90	2	58 32 
 3	90	2	10 80 
 4	90	2	52 38 
 5	90	2	22 68 
 6	90	2	24 66 
 7	90	2	84 6 
 8	90	2	74 16 
 9	90	2	83 7 
 10	90	2	3 87 
 11	90	2	68 22 
 12	88	2	43 45 
 13	90	2	20 70 
 14	90	2	65 25 
 15	90	2	36 54 
 16	90	2	61 29 
 17	88	2	22 66 
 18	90	2	7 83 
 19	90	2	0 90 
 20	88	2	59 29 
 21	90	2	78 12 
 22	90	2	56 34 
 23	90	2	4 86 
 24	90	2	26 64 

[pop]=19
 1	78	2	78 0 
 2	76	2	56 20 
 3	78	2	18 60 
 4	78	2	59 19 
 5	78	2	21 57 
 6	78	2	15 63 
 7	76	2	71 5 
 8	78	2	67 11 
 9	78	2	69 9 
 10	78	2	1 77 
 11	78	2	45 33 
 12	74	2	25 49 
 13	76	2	28 48 
 14	74	2	61 13 
 15	78	2	46 32 
 16	78	2	29 49 
 17	78	2	10 68 
 18	74	2	2 72 
 19	78	2	0 78 
 20	78	2	55 23 
 21	78	2	73 5 
 22	78	2	40 38 
 23	74	2	4 70 
 24	78	2	23 55 

[pop]=20
 1	90	2	90 0 
 2	90	2	72 18 
 3	90	2	19 71 
 4	90	2	68 22 
 5	90	2	14 76 
 6	90	2	16 74 
 7	90	2	89 1 
 8	90	2	77 13 
 9	90	2	84 6 
 10	90	2	1 89 
 11	90	2	54 36 
 12	90	2	50 40 
 13	90	2	27 63 
 14	86	2	67 19 
 15	90	2	31 59 
 16	90	2	66 24 
 17	90	2	12 78 
 18	86	2	7 79 
 19	90	2	0 90 
 20	90	2	64 26 
 21	90	2	86 4 
 22	90	2	52 38 
 23	90	2	3 87 
 24	90	2	13 77 

[pop]=21
 1	94	2	94 0 
 2	94	2	64 30 
 3	94	2	22 72 
 4	94	2	55 39 
 5	94	2	22 72 
 6	94	2	22 72 
 7	94	2	91 3 
 8	94	2	84 10 
 9	94	2	89 5 
 10	94	2	12 82 
 11	94	2	57 37 
 12	94	2	42 52 
 13	94	2	24 70 
 14	94	2	66 28 
 15	94	2	25 69 
 16	94	2	64 30 
 17	94	2	27 67 
 18	92	2	6 86 
 19	94	2	0 94 
 20	94	2	76 18 
 21	94	2	94 0 
 22	94	2	62 32 
 23	94	2	7 87 
 24	94	2	35 59 

[pop]=22
 1	92	2	92 0 
 2	92	2	72 20 
 3	92	2	12 80 
 4	92	2	55 37 
 5	92	2	12 80 
 6	92	2	25 67 
 7	92	2	91 1 
 8	92	2	82 10 
 9	92	2	83 9 
 10	92	2	4 88 
 11	92	2	52 40 
 12	92	2	35 57 
 13	92	2	16 76 
 14	92	2	68 24 
 15	92	2	32 60 
 16	92	2	58 34 
 17	92	2	26 66 
 18	92	2	13 79 
 19	92	2	0 92 
 20	92	2	73 19 
 21	92	2	83 9 
 22	92	2	58 34 
 23	92	2	8 84 
 24	92	2	30 62 

[pop]=23
 1	118	2	115 3 
 2	118	2	97 21 
 3	118	2	17 101 
 4	116	2	83 33 
 5	118	2	22 96 
 6	118	2	46 72 
 7	118	2	111 7 
 8	118	2	112 6 
 9	118	2	100 18 
 10	118	2	12 106 
 11	118	2	56 62 
 12	118	2	31 87 
 13	118	2	32 86 
 14	116	2	95 21 
 15	118	2	27 91 
 16	118	2	75 43 
 17	118	2	43 75 
 18	116	2	7 109 
 19	118	2	0 118 
 20	118	2	90 28 
 21	118	2	114 4 
 22	118	2	74 44 
 23	118	2	4 114 
 24	118	2	32 86 


