Title line:"JohnDay_alladapt"
OMS00014
OMS00062
OMS00151
Omy_97660-230
Omy_97954-618
Omy_aldB-165
Omy_CRBF1-1
Omy_e1-147
Omy_gdh-271
Omy_GHSR-121
Omy_hsc715-80
Omy_hsf2-146
Omy_hsp47-86
Omy_IL6-320
Omy_metA-161
Omy_nkef-241
Omy_ntl-27
Omy_OmyP9-180
Omy_SECC22b-88
Omy_stat3-273
Omy_tlr5-205
Omy_u09-53.469
Omy_UT16_2-173
OMY1011SNP
Pop
 POP64, 0201 0101 0202 0102 0101 0202 0101 0101 0101 0201 0201 0202 0202 0101 0202 0101 0201 0202 0202 0202 0101 0201 0202 0202
 POP64, 0101 0101 0202 0202 0202 0101 0101 0101 0101 0202 0201 0201 0202 0101 0201 0201 0202 0202 0202 0101 0201 0201 0202 0202
 POP64, 0101 0201 0202 0102 0202 0202 0101 0101 0101 0202 0201 0202 0201 0101 0201 0202 0201 0202 0202 0101 0101 0101 0202 0201
 POP64, 0101 0201 0202 0101 0202 0102 0102 0101 0101 0202 0202 0202 0101 0101 0201 0202 0202 0202 0202 0201 0101 0202 0202 0201
 POP64, 0101 0202 0202 0101 0000 0101 0000 0101 0101 0202 0201 0202 0201 0101 0201 0202 0101 0202 0202 0101 0101 0101 0102 0202
 POP64, 0101 0101 0102 0102 0202 0202 0101 0101 0101 0202 0201 0201 0202 0101 0201 0101 0101 0202 0202 0201 0201 0201 0202 0202
 POP64, 0101 0101 0202 0202 0101 0102 0202 0101 0101 0202 0101 0202 0202 0102 0101 0201 0201 0202 0202 0101 0101 0201 0202 0201
 POP64, 0101 0101 0202 0102 0202 0102 0101 0101 0101 0202 0101 0202 0202 0101 0202 0201 0201 0202 0202 0201 0101 0202 0202 0201
 POP64, 0101 0201 0102 0101 0202 0202 0101 0101 0101 0202 0202 0201 0201 0101 0201 0201 0201 0202 0202 0101 0101 0101 0202 0202
 POP64, 0101 0101 0202 0102 0102 0102 0102 0101 0101 0202 0201 0201 0202 0102 0202 0201 0201 0202 0202 0202 0101 0101 0202 0202
 POP64, 0101 0202 0202 0102 0202 0102 0101 0101 0101 0202 0201 0201 0201 0101 0201 0101 0202 0202 0202 0101 0101 0201 0202 0201
 POP64, 0101 0101 0202 0101 0101 0202 0101 0102 0102 0201 0101 0101 0201 0101 0101 0202 0101 0202 0202 0101 0101 0101 0202 0101
 POP64, 0101 0101 0202 0101 0102 0202 0101 0102 0101 0202 0101 0101 0201 0102 0101 0202 0101 0202 0202 0101 0101 0201 0202 0101
 POP64, 0101 0201 0202 0102 0102 0101 0101 0101 0102 0201 0101 0201 0202 0102 0101 0201 0201 0202 0202 0101 0101 0201 0202 0202
 POP64, 0101 0201 0102 0102 0202 0102 0101 0101 0101 0202 0201 0202 0202 0101 0202 0201 0202 0102 0202 0201 0101 0201 0202 0202
 POP64, 0101 0201 0202 0202 0202 0102 0102 0101 0101 0202 0202 0202 0201 0102 0101 0101 0202 0202 0202 0101 0202 0202 0202 0201
 POP64, 0101 0101 0202 0102 0102 0102 0101 0101 0101 0202 0201 0202 0201 0101 0202 0202 0201 0102 0202 0201 0101 0201 0202 0201
 POP64, 0101 0201 0202 0102 0102 0202 0101 0101 0101 0202 0101 0201 0202 0102 0201 0101 0202 0202 0202 0101 0201 0101 0202 0201
 POP64, 0101 0101 0202 0102 0102 0101 0000 0101 0101 0202 0202 0201 0202 0102 0201 0202 0202 0202 0202 0101 0101 0101 0202 0201
 POP64, 0101 0201 0202 0101 0202 0102 0000 0101 0102 0201 0202 0101 0201 0101 0201 0201 0201 0202 0202 0201 0101 0201 0202 0201
 POP64, 0101 0101 0202 0202 0102 0202 0101 0101 0101 0202 0101 0201 0201 0101 0201 0201 0201 0202 0202 0201 0101 0101 0202 0101
Pop
 POP65, 0101 0201 0202 0102 0102 0102 0101 0101 0101 0202 0101 0101 0201 0102 0101 0201 0201 0202 0202 0101 0201 0201 0202 0202
 POP65, 0101 0101 0102 0102 0202 0102 0101 0101 0101 0202 0201 0101 0202 0102 0201 0101 0201 0202 0202 0202 0101 0101 0202 0202
 POP65, 0101 0201 0202 0102 0202 0202 0101 0101 0101 0202 0201 0202 0202 0101 0202 0201 0101 0202 0202 0101 0101 0201 0202 0101
 POP65, 0101 0201 0102 0202 0202 0202 0101 0102 0101 0202 0101 0201 0101 0102 0101 0201 0201 0202 0202 0101 0101 0201 0202 0202
 POP65, 0101 0201 0202 0101 0202 0202 0101 0101 0101 0202 0201 0202 0201 0102 0202 0101 0101 0202 0202 0101 0101 0101 0202 0202
 POP65, 0101 0201 0202 0102 0202 0101 0101 0102 0101 0202 0101 0201 0201 0101 0201 0101 0201 0202 0202 0101 0101 0101 0202 0201
 POP65, 0101 0201 0202 0102 0202 0102 0101 0101 0101 0202 0101 0202 0202 0202 0201 0201 0201 0202 0202 0201 0201 0101 0202 0201
 POP65, 0101 0202 0101 0102 0102 0202 0101 0101 0101 0202 0101 0202 0202 0102 0101 0202 0201 0202 0202 0101 0101 0202 0202 0201
 POP65, 0101 0201 0102 0102 0202 0202 0101 0101 0101 0202 0201 0201 0101 0102 0101 0202 0201 0202 0202 0101 0101 0201 0202 0201
 POP65, 0101 0201 0202 0101 0202 0202 0102 0101 0101 0202 0201 0202 0202 0102 0201 0201 0201 0202 0202 0201 0101 0101 0202 0202
 POP65, 0201 0101 0202 0101 0202 0202 0101 0101 0101 0202 0101 0202 0201 0102 0202 0201 0201 0202 0202 0101 0101 0201 0202 0202
 POP65, 0101 0201 0202 0102 0202 0101 0101 0101 0101 0202 0201 0101 0202 0101 0201 0101 0201 0202 0202 0101 0201 0101 0202 0201
 POP65, 0101 0201 0202 0102 0202 0101 0102 0101 0101 0202 0201 0101 0202 0101 0201 0201 0202 0202 0202 0201 0101 0101 0202 0202
 POP65, 0101 0101 0202 0101 0202 0102 0101 0101 0101 0202 0101 0101 0202 0102 0202 0201 0201 0202 0201 0201 0101 0201 0202 0202
 POP65, 0101 0101 0102 0102 0102 0202 0000 0101 0101 0202 0201 0202 0201 0102 0202 0202 0101 0202 0202 0101 0101 0101 0202 0202
 POP65, 0101 0101 0202 0102 0202 0101 0101 0101 0101 0202 0101 0101 0202 0102 0202 0201 0201 0102 0202 0101 0101 0101 0202 0202
 POP65, 0101 0101 0202 0101 0202 0202 0101 0101 0101 0202 0202 0202 0201 0202 0202 0201 0101 0202 0202 0101 0101 0101 0202 0201
 POP65, 0101 0101 0102 0102 0102 0202 0101 0101 0101 0202 0101 0202 0201 0102 0202 0202 0101 0202 0202 0101 0101 0202 0202 0202
 POP65, 0101 0101 0202 0102 0202 0202 0000 0101 0101 0202 0101 0202 0202 0102 0202 0101 0201 0202 0202 0201 0101 0101 0202 0202
 POP65, 0101 0201 0202 0102 0202 0102 0101 0101 0101 0202 0101 0201 0202 0102 0202 0202 0201 0202 0202 0101 0101 0101 0202 0202
 POP65, 0101 0201 0102 0102 0202 0101 0000 0101 0102 0202 0201 0202 0202 0102 0201 0201 0201 0202 0202 0201 0201 0202 0202 0202
 POP65, 0101 0101 0202 0101 0202 0202 0000 0101 0101 0202 0201 0201 0202 0101 0202 0201 0201 0202 0202 0101 0101 0101 0202 0101
 POP65, 0101 0202 0202 0101 0202 0102 0101 0101 0101 0202 0201 0201 0202 0101 0202 0202 0202 0202 0202 0201 0101 0101 0202 0202
 POP65, 0101 0101 0102 0102 0202 0202 0000 0101 0101 0202 0201 0202 0201 0101 0202 0202 0202 0202 0202 0201 0101 0101 0202 0202
 POP65, 0101 0201 0102 0101 0202 0202 0000 0102 0101 0202 0101 0202 0202 0101 0202 0201 0201 0202 0202 0201 0101 0101 0202 0202
 POP65, 0101 0201 0101 0102 0102 0202 0101 0102 0101 0202 0202 0202 0201 0102 0201 0202 0201 0202 0202 0101 0101 0202 0202 0201
 POP65, 0101 0202 0102 0102 0202 0202 0000 0102 0102 0202 0201 0201 0201 0102 0201 0201 0101 0202 0202 0201 0201 0201 0202 0202
 POP65, 0101 0101 0202 0102 0202 0202 0000 0101 0101 0202 0101 0202 0202 0101 0201 0201 0101 0202 0202 0201 0101 0202 0102 0202
 POP65, 0101 0101 0101 0202 0202 0102 0000 0102 0101 0202 0101 0202 0101 0102 0101 0202 0201 0202 0202 0101 0101 0201 0202 0202
 POP65, 0101 0201 0102 0101 0202 0202 0101 0101 0101 0202 0101 0202 0202 0102 0202 0202 0201 0202 0202 0201 0101 0101 0202 0202
 POP65, 0101 0202 0102 0202 0102 0202 0101 0102 0101 0202 0202 0201 0101 0102 0101 0202 0201 0202 0202 0101 0101 0201 0202 0201
 POP65, 0101 0202 0102 0102 0102 0102 0101 0101 0101 0202 0201 0201 0201 0102 0101 0201 0201 0202 0202 0101 0101 0202 0202 0202
 POP65, 0101 0201 0102 0202 0202 0102 0000 0102 0101 0202 0101 0201 0202 0102 0202 0201 0201 0202 0202 0101 0101 0202 0202 0201
 POP65, 0101 0201 0202 0101 0202 0202 0000 0102 0101 0202 0101 0202 0202 0101 0202 0101 0201 0202 0202 0101 0101 0101 0202 0202
Pop
 POP66, 0101 0101 0202 0101 0202 0102 0000 0102 0102 0202 0101 0201 0201 0101 0201 0202 0201 0202 0202 0101 0101 0201 0202 0202
 POP66, 0101 0201 0202 0202 0202 0101 0000 0102 0101 0202 0201 0201 0202 0101 0201 0101 0101 0102 0202 0101 0101 0101 0202 0202
 POP66, 0101 0101 0202 0102 0102 0202 0101 0102 0102 0202 0201 0202 0201 0101 0201 0202 0101 0202 0202 0101 0101 0101 0202 0202
 POP66, 0101 0101 0202 0102 0202 0102 0101 0101 0102 0202 0101 0201 0201 0101 0202 0101 0201 0202 0202 0101 0201 0101 0202 0201
 POP66, 0101 0202 0102 0102 0202 0102 0000 0101 0101 0201 0201 0201 0202 0101 0201 0101 0202 0202 0202 0101 0101 0101 0202 0202
 POP66, 0101 0101 0202 0102 0202 0202 0000 0101 0101 0202 0101 0201 0101 0101 0202 0201 0202 0202 0202 0201 0201 0101 0202 0202
 POP66, 0101 0101 0101 0101 0202 0102 0000 0101 0102 0202 0101 0201 0201 0101 0101 0201 0201 0202 0202 0201 0101 0101 0202 0202
 POP66, 0101 0201 0102 0102 0202 0102 0101 0102 0102 0202 0201 0201 0202 0101 0202 0201 0201 0202 0202 0201 0101 0101 0202 0202
 POP66, 0101 0101 0202 0102 0202 0202 0000 0102 0101 0202 0201 0202 0202 0101 0101 0201 0202 0202 0202 0101 0101 0201 0202 0202
 POP66, 0101 0101 0202 0101 0202 0102 0000 0101 0102 0202 0101 0202 0201 0101 0201 0201 0201 0202 0202 0202 0201 0201 0202 0202
 POP66, 0101 0201 0202 0202 0102 0202 0101 0102 0101 0202 0201 0201 0201 0101 0101 0201 0101 0202 0202 0101 0101 0101 0202 0202
 POP66, 0101 0201 0102 0101 0202 0102 0101 0101 0102 0202 0202 0201 0202 0101 0202 0201 0202 0202 0202 0201 0101 0101 0102 0201
 POP66, 0101 0101 0202 0202 0102 0202 0101 0101 0101 0202 0202 0201 0202 0101 0201 0202 0202 0202 0202 0101 0101 0201 0102 0101
 POP66, 0101 0201 0102 0102 0202 0202 0101 0101 0101 0202 0101 0202 0201 0101 0201 0202 0202 0202 0202 0101 0101 0101 0202 0202
 POP66, 0101 0201 0202 0101 0202 0102 0101 0101 0102 0202 0101 0202 0201 0101 0201 0101 0201 0202 0202 0201 0101 0101 0102 0202
 POP66, 0101 0101 0202 0102 0202 0202 0101 0101 0101 0202 0202 0201 0201 0102 0201 0101 0202 0202 0202 0201 0101 0101 0202 0202
 POP66, 0101 0201 0202 0101 0202 0202 0101 0101 0101 0202 0201 0202 0202 0101 0201 0101 0201 0202 0202 0201 0101 0101 0202 0202
 POP66, 0101 0101 0202 0101 0202 0202 0101 0101 0101 0202 0101 0202 0201 0101 0201 0201 0202 0202 0202 0101 0101 0101 0202 0202
 POP66, 0101 0201 0202 0101 0102 0101 0101 0101 0101 0202 0201 0201 0201 0101 0202 0201 0201 0202 0202 0201 0201 0201 0202 0201
 POP66, 0101 0201 0202 0102 0202 0202 0101 0101 0101 0202 0201 0201 0201 0101 0202 0201 0201 0202 0202 0101 0101 0101 0202 0202
 POP66, 0101 0201 0102 0102 0202 0102 0101 0101 0102 0202 0201 0201 0201 0101 0201 0202 0201 0202 0202 0101 0101 0201 0102 0201
 POP66, 0101 0101 0202 0102 0202 0202 0101 0101 0101 0202 0202 0201 0201 0101 0202 0101 0202 0102 0202 0201 0101 0101 0202 0201
 POP66, 0101 0201 0202 0202 0202 0202 0101 0101 0101 0202 0101 0201 0201 0101 0201 0101 0202 0202 0202 0202 0101 0101 0202 0202
 POP66, 0101 0201 0101 0102 0102 0202 0101 0101 0101 0202 0101 0101 0202 0101 0201 0201 0202 0202 0202 0201 0101 0101 0202 0202
 POP66, 0101 0201 0202 0102 0202 0202 0101 0101 0101 0202 0101 0202 0202 0101 0101 0201 0201 0202 0202 0101 0101 0101 0102 0202
Pop
 POP68, 0201 0101 0102 0202 0202 0102 0101 0101 0102 0202 0201 0101 0201 0102 0202 0201 0201 0202 0202 0201 0101 0101 0202 0201
 POP68, 0101 0201 0102 0102 0202 0202 0102 0101 0101 0202 0202 0202 0201 0101 0202 0201 0101 0202 0202 0101 0101 0201 0202 0000
 POP68, 0101 0101 0202 0202 0202 0101 0101 0101 0101 0202 0201 0101 0202 0101 0202 0201 0201 0202 0202 0201 0101 0201 0202 0202
 POP68, 0101 0101 0202 0102 0202 0102 0101 0101 0101 0202 0201 0202 0202 0101 0201 0201 0201 0202 0202 0101 0101 0201 0202 0202
 POP68, 0101 0101 0102 0102 0202 0102 0101 0101 0102 0202 0201 0201 0201 0102 0202 0201 0201 0102 0202 0201 0101 0201 0202 0201
 POP68, 0101 0101 0202 0202 0202 0102 0101 0101 0101 0202 0101 0201 0202 0101 0202 0201 0201 0102 0202 0101 0101 0202 0202 0202
 POP68, 0101 0101 0202 0102 0102 0102 0101 0101 0102 0201 0101 0202 0202 0101 0201 0201 0201 0202 0202 0101 0101 0201 0102 0202
 POP68, 0101 0201 0202 0102 0202 0102 0101 0101 0101 0202 0201 0101 0201 0102 0202 0201 0101 0202 0201 0101 0101 0101 0202 0101
 POP68, 0101 0101 0202 0102 0202 0102 0101 0101 0101 0202 0101 0201 0202 0101 0202 0101 0201 0202 0202 0101 0201 0201 0202 0202
 POP68, 0101 0201 0102 0102 0202 0102 0101 0101 0102 0202 0101 0101 0201 0101 0101 0202 0101 0102 0202 0101 0101 0202 0102 0101
 POP68, 0101 0201 0202 0102 0202 0202 0101 0101 0102 0202 0201 0201 0202 0101 0201 0201 0201 0202 0202 0202 0101 0201 0202 0101
 POP68, 0101 0101 0202 0102 0102 0101 0101 0101 0101 0202 0201 0101 0202 0102 0201 0201 0201 0202 0202 0101 0101 0202 0202 0202
 POP68, 0101 0201 0202 0101 0202 0102 0101 0101 0102 0202 0201 0202 0202 0101 0202 0201 0201 0202 0202 0201 0201 0201 0202 0202
 POP68, 0101 0101 0202 0102 0202 0102 0102 0101 0101 0202 0201 0202 0202 0101 0202 0201 0201 0102 0202 0101 0101 0101 0102 0201
 POP68, 0101 0101 0202 0102 0202 0102 0101 0101 0101 0202 0201 0201 0202 0101 0201 0202 0201 0202 0202 0101 0201 0202 0202 0201
 POP68, 0101 0201 0202 0102 0102 0102 0000 0102 0101 0202 0101 0201 0202 0102 0202 0202 0201 0202 0202 0101 0101 0101 0202 0101
 POP68, 0101 0201 0102 0102 0202 0202 0101 0101 0101 0201 0101 0201 0201 0102 0202 0201 0201 0202 0202 0101 0101 0202 0102 0201
 POP68, 0101 0201 0101 0101 0102 0102 0000 0101 0101 0202 0101 0202 0202 0101 0201 0101 0202 0202 0202 0201 0101 0201 0202 0202
 POP68, 0101 0201 0102 0102 0202 0102 0101 0101 0102 0202 0101 0101 0202 0101 0202 0101 0201 0102 0201 0101 0101 0201 0202 0201
 POP68, 0101 0201 0202 0101 0102 0101 0202 0101 0101 0202 0201 0202 0202 0101 0101 0101 0202 0202 0202 0101 0101 0201 0102 0202
 POP68, 0101 0101 0202 0102 0202 0202 0101 0101 0101 0202 0201 0201 0201 0101 0201 0201 0202 0202 0202 0101 0201 0101 0202 0202
 POP68, 0101 0101 0202 0101 0202 0102 0101 0101 0102 0202 0201 0202 0202 0102 0101 0101 0202 0202 0202 0201 0101 0101 0102 0201
 POP68, 0101 0101 0102 0202 0102 0202 0000 0101 0101 0201 0202 0202 0201 0202 0202 0201 0201 0202 0202 0101 0101 0101 0202 0201
 POP68, 0101 0201 0102 0202 0102 0102 0000 0101 0101 0202 0201 0201 0202 0101 0201 0201 0202 0202 0202 0101 0101 0101 0102 0202
 POP68, 0101 0201 0202 0102 0202 0102 0101 0101 0101 0202 0201 0202 0202 0101 0201 0201 0202 0102 0202 0201 0101 0101 0202 0201
 POP68, 0101 0101 0202 0202 0202 0202 0000 0101 0101 0202 0201 0202 0201 0101 0202 0201 0202 0202 0202 0101 0101 0101 0202 0202
 POP68, 0101 0201 0202 0102 0102 0202 0000 0101 0101 0201 0201 0202 0202 0202 0201 0201 0202 0202 0202 0202 0201 0101 0202 0101
 POP68, 0101 0201 0202 0102 0202 0202 0000 0102 0102 0202 0201 0201 0201 0102 0202 0201 0201 0102 0202 0201 0101 0201 0202 0201
 POP68, 0101 0101 0202 0102 0202 0000 0101 0101 0101 0202 0202 0202 0201 0101 0201 0101 0202 0202 0202 0101 0101 0101 0102 0000
 POP68, 0201 0201 0202 0202 0202 0102 0202 0101 0101 0202 0202 0101 0202 0102 0202 0202 0101 0202 0202 0101 0201 0201 0202 0201
 POP68, 0101 0101 0102 0202 0202 0102 0101 0101 0101 0202 0201 0201 0202 0101 0201 0201 0202 0202 0202 0101 0101 0101 0102 0202
 POP68, 0101 0201 0202 0102 0102 0102 0000 0101 0101 0202 0201 0201 0201 0102 0201 0101 0101 0102 0202 0201 0101 0201 0202 0201
 POP68, 0101 0101 0102 0102 0102 0202 0000 0101 0101 0202 0201 0202 0202 0202 0201 0201 0101 0202 0201 0101 0101 0101 0202 0202
 POP68, 0101 0101 0102 0102 0202 0202 0000 0101 0101 0202 0101 0202 0201 0102 0201 0202 0202 0102 0202 0101 0101 0201 0202 0202
 POP68, 0101 0101 0202 0102 0202 0102 0000 0101 0101 0202 0101 0201 0201 0102 0201 0201 0202 0202 0202 0101 0101 0202 0202 0202
 POP68, 0101 0202 0202 0102 0202 0102 0000 0101 0101 0202 0101 0202 0201 0101 0201 0201 0201 0202 0202 0101 0101 0101 0202 0201
 POP68, 0101 0101 0202 0102 0102 0202 0000 0101 0101 0202 0201 0101 0202 0101 0201 0101 0202 0202 0202 0101 0101 0201 0202 0101
 POP68, 0101 0201 0202 0101 0202 0102 0101 0101 0101 0202 0101 0201 0202 0101 0202 0101 0202 0202 0202 0101 0101 0201 0202 0201
 POP68, 0101 0201 0202 0101 0202 0102 0101 0101 0101 0201 0201 0201 0201 0102 0101 0202 0202 0202 0202 0101 0101 0101 0202 0202
 POP68, 0101 0101 0202 0101 0102 0102 0000 0101 0101 0201 0201 0201 0202 0101 0201 0201 0201 0202 0202 0201 0101 0201 0202 0202
 POP68, 0101 0101 0202 0101 0102 0101 0000 0101 0101 0202 0202 0201 0101 0101 0201 0202 0202 0202 0202 0101 0101 0101 0102 0202
 POP68, 0101 0101 0101 0102 0202 0202 0102 0102 0102 0202 0101 0201 0202 0101 0202 0201 0201 0202 0202 0101 0101 0201 0102 0202
 POP68, 0201 0201 0202 0102 0202 0102 0000 0101 0101 0201 0201 0202 0201 0102 0201 0202 0201 0202 0202 0201 0101 0101 0202 0202
 POP68, 0101 0201 0102 0102 0202 0202 0000 0101 0101 0202 0202 0202 0101 0101 0202 0201 0201 0102 0202 0201 0101 0201 0202 0202
Pop
 POP69, 0101 0202 0102 0102 0202 0102 0102 0101 0101 0202 0101 0201 0101 0101 0201 0201 0202 0202 0202 0101 0101 0201 0102 0101
 POP69, 0101 0101 0101 0101 0202 0202 0101 0101 0101 0201 0101 0201 0201 0102 0201 0201 0201 0202 0202 0201 0201 0101 0202 0101
 POP69, 0101 0101 0101 0202 0102 0102 0102 0101 0101 0202 0201 0101 0202 0101 0202 0101 0202 0202 0202 0101 0101 0202 0202 0202
 POP69, 0201 0201 0202 0102 0202 0102 0101 0101 0101 0202 0201 0202 0202 0202 0201 0201 0101 0202 0202 0101 0101 0101 0202 0201
 POP69, 0101 0201 0202 0102 0101 0202 0101 0101 0102 0202 0202 0101 0201 0101 0201 0201 0202 0202 0202 0101 0101 0101 0202 0201
 POP69, 0101 0101 0202 0102 0202 0102 0101 0101 0101 0201 0201 0202 0202 0101 0201 0101 0202 0202 0202 0101 0101 0101 0202 0000
 POP69, 0101 0101 0102 0202 0202 0102 0102 0101 0101 0202 0101 0202 0202 0101 0202 0101 0201 0202 0202 0201 0101 0201 0102 0101
 POP69, 0201 0101 0202 0102 0202 0102 0101 0101 0101 0202 0101 0201 0201 0101 0201 0201 0202 0202 0202 0101 0201 0101 0202 0201
 POP69, 0101 0101 0202 0202 0202 0202 0101 0101 0101 0202 0101 0202 0202 0102 0202 0101 0201 0202 0202 0101 0201 0101 0202 0201
 POP69, 0101 0202 0102 0102 0102 0202 0101 0101 0102 0202 0101 0202 0101 0102 0202 0201 0201 0202 0202 0101 0101 0101 0202 0201
 POP69, 0101 0201 0202 0102 0202 0202 0102 0101 0101 0202 0201 0201 0201 0102 0202 0201 0202 0102 0202 0101 0101 0101 0202 0101
 POP69, 0101 0201 0202 0202 0202 0102 0101 0101 0101 0202 0101 0201 0201 0102 0202 0201 0201 0202 0202 0202 0101 0101 0202 0201
 POP69, 0101 0101 0202 0102 0202 0102 0101 0101 0102 0202 0201 0201 0202 0102 0202 0201 0202 0202 0202 0101 0101 0201 0202 0202
 POP69, 0101 0101 0202 0202 0202 0202 0101 0101 0101 0202 0202 0101 0201 0101 0202 0101 0202 0102 0202 0101 0101 0101 0202 0201
 POP69, 0101 0101 0202 0102 0202 0202 0101 0101 0101 0202 0201 0202 0201 0101 0201 0101 0201 0202 0202 0201 0201 0201 0202 0201
 POP69, 0101 0101 0202 0202 0202 0202 0101 0102 0101 0202 0202 0201 0201 0101 0202 0101 0202 0202 0202 0201 0101 0101 0202 0202
 POP69, 0101 0101 0202 0101 0102 0202 0101 0102 0101 0202 0201 0201 0201 0102 0202 0202 0201 0102 0202 0201 0201 0101 0202 0201
 POP69, 0101 0201 0102 0101 0102 0101 0101 0101 0101 0201 0101 0202 0202 0101 0202 0201 0202 0202 0202 0101 0101 0201 0202 0201
 POP69, 0101 0202 0202 0101 0202 0202 0101 0101 0101 0202 0201 0202 0202 0202 0201 0201 0101 0202 0202 0201 0101 0101 0202 0201
 POP69, 0201 0101 0102 0102 0202 0102 0101 0101 0101 0201 0201 0201 0202 0101 0201 0202 0201 0202 0202 0101 0101 0201 0102 0201
 POP69, 0101 0101 0202 0202 0202 0202 0101 0101 0101 0202 0101 0202 0101 0101 0101 0201 0101 0202 0202 0101 0101 0201 0202 0000
 POP69, 0101 0101 0102 0101 0202 0102 0101 0102 0101 0201 0101 0201 0202 0101 0201 0201 0101 0202 0202 0101 0101 0201 0202 0201
 POP69, 0101 0101 0102 0101 0202 0202 0101 0102 0101 0202 0201 0202 0201 0101 0201 0202 0202 0202 0202 0201 0201 0201 0102 0202
 POP69, 0101 0101 0202 0102 0202 0101 0101 0101 0101 0202 0101 0201 0202 0101 0101 0201 0101 0202 0202 0201 0201 0201 0202 0202
 POP69, 0101 0202 0102 0102 0102 0102 0202 0101 0102 0202 0201 0201 0202 0101 0101 0101 0202 0202 0202 0101 0101 0201 0202 0201
 POP69, 0101 0101 0202 0102 0202 0102 0101 0101 0101 0202 0201 0202 0201 0101 0101 0202 0202 0202 0202 0101 0101 0101 0202 0201
 POP69, 0101 0101 0202 0101 0202 0202 0101 0101 0101 0202 0201 0201 0202 0102 0202 0201 0101 0202 0202 0101 0201 0101 0102 0201
 POP69, 0101 0101 0102 0202 0202 0102 0101 0101 0101 0202 0201 0202 0202 0102 0201 0201 0201 0102 0202 0101 0201 0201 0202 0201
 POP69, 0101 0201 0102 0101 0202 0102 0101 0101 0101 0202 0201 0000 0202 0102 0101 0101 0201 0202 0202 0101 0101 0201 0202 0201
 POP69, 0101 0201 0202 0101 0102 0202 0101 0101 0101 0202 0201 0202 0202 0102 0101 0201 0201 0202 0202 0201 0101 0101 0102 0000
 POP69, 0101 0201 0202 0202 0102 0202 0202 0101 0102 0202 0201 0202 0202 0101 0101 0101 0202 0202 0202 0101 0101 0101 0202 0201
 POP69, 0101 0201 0202 0202 0202 0102 0101 0101 0101 0202 0101 0101 0202 0102 0202 0202 0101 0202 0202 0201 0101 0201 0202 0201
 POP69, 0101 0101 0202 0102 0202 0102 0101 0101 0101 0202 0101 0202 0201 0102 0202 0201 0201 0202 0202 0201 0101 0202 0202 0201
 POP69, 0101 0101 0102 0102 0202 0102 0101 0102 0102 0202 0201 0201 0202 0102 0202 0201 0201 0202 0202 0101 0201 0101 0102 0101
 POP69, 0101 0101 0202 0101 0202 0102 0101 0101 0101 0202 0101 0202 0201 0102 0202 0101 0201 0202 0202 0101 0101 0101 0202 0202
 POP69, 0101 0201 0202 0202 0202 0101 0101 0101 0101 0202 0202 0202 0201 0101 0202 0101 0101 0202 0202 0201 0101 0101 0202 0201
 POP69, 0101 0101 0202 0102 0202 0102 0102 0101 0101 0201 0202 0201 0202 0101 0202 0201 0201 0202 0202 0201 0101 0202 0202 0201
 POP69, 0101 0101 0102 0202 0102 0202 0101 0101 0101 0201 0201 0201 0202 0102 0202 0201 0201 0102 0202 0101 0101 0201 0102 0201
 POP69, 0101 0000 0202 0102 0202 0202 0000 0101 0102 0202 0201 0201 0202 0101 0201 0201 0202 0202 0202 0201 0101 0202 0202 0000
 POP69, 0101 0201 0202 0102 0202 0102 0102 0101 0101 0202 0101 0202 0202 0102 0202 0201 0201 0202 0202 0101 0101 0101 0102 0202
 POP69, 0101 0101 0102 0102 0102 0102 0202 0101 0101 0202 0101 0101 0201 0101 0201 0201 0101 0202 0202 0101 0201 0101 0202 0202
 POP69, 0101 0201 0202 0101 0102 0202 0101 0101 0101 0202 0202 0202 0201 0102 0202 0201 0202 0202 0202 0201 0101 0101 0202 0201
 POP69, 0101 0201 0202 0102 0102 0102 0101 0101 0101 0202 0201 0101 0202 0101 0202 0101 0202 0202 0202 0101 0101 0101 0202 0201
 POP69, 0101 0201 0202 0102 0102 0101 0101 0101 0101 0202 0101 0101 0202 0102 0201 0202 0202 0202 0202 0101 0101 0101 0102 0202
 POP69, 0101 0101 0102 0102 0202 0102 0101 0101 0101 0202 0101 0202 0202 0102 0202 0101 0202 0102 0202 0101 0101 0201 0202 0000
 POP69, 0101 0201 0202 0102 0202 0202 0101 0101 0101 0202 0101 0201 0202 0101 0202 0201 0202 0202 0202 0202 0101 0101 0102 0202
 POP69, 0101 0201 0202 0102 0102 0102 0102 0101 0101 0202 0000 0202 0201 0102 0201 0201 0101 0202 0202 0101 0101 0101 0202 0202
 POP69, 0101 0201 0202 0102 0202 0101 0101 0101 0101 0202 0101 0201 0202 0102 0201 0101 0202 0102 0202 0101 0101 0201 0202 0202
 POP69, 0101 0101 0202 0101 0202 0202 0101 0101 0101 0201 0101 0101 0202 0102 0202 0202 0201 0202 0202 0101 0101 0101 0102 0101
 POP69, 0101 0101 0102 0101 0202 0102 0101 0101 0101 0202 0201 0202 0202 0101 0201 0201 0201 0202 0202 0202 0101 0101 0202 0201
 POP69, 0101 0202 0102 0101 0202 0102 0101 0101 0101 0202 0101 0201 0202 0102 0201 0201 0201 0202 0202 0101 0101 0202 0102 0201
 POP69, 0201 0101 0202 0101 0202 0202 0101 0101 0101 0202 0201 0202 0201 0101 0101 0101 0202 0202 0202 0202 0101 0101 0202 0101
 POP69, 0101 0201 0202 0102 0102 0202 0102 0101 0102 0202 0101 0201 0201 0101 0202 0101 0201 0102 0202 0201 0101 0101 0202 0201
 POP69, 0101 0101 0102 0202 0101 0202 0101 0101 0101 0202 0202 0201 0201 0102 0202 0202 0202 0202 0202 0101 0101 0201 0202 0201
 POP69, 0101 0201 0202 0101 0202 0102 0101 0101 0101 0202 0202 0101 0201 0101 0202 0201 0202 0102 0202 0201 0101 0201 0102 0201
 POP69, 0101 0201 0102 0101 0202 0102 0102 0101 0101 0202 0101 0202 0201 0102 0202 0201 0201 0202 0202 0201 0101 0201 0202 0101
 POP69, 0101 0101 0202 0202 0102 0102 0102 0101 0102 0202 0201 0202 0202 0101 0202 0101 0201 0202 0202 0201 0101 0101 0202 0201
 POP69, 0101 0202 0202 0202 0202 0102 0102 0101 0101 0202 0101 0202 0201 0101 0201 0201 0202 0202 0202 0101 0101 0201 0202 0202
 POP69, 0101 0101 0202 0102 0202 0202 0101 0101 0101 0202 0201 0101 0202 0101 0202 0101 0202 0202 0202 0101 0101 0101 0202 0101
 POP69, 0101 0101 0102 0101 0202 0202 0101 0101 0101 0202 0101 0101 0202 0102 0202 0101 0201 0202 0202 0101 0101 0101 0102 0201
 POP69, 0101 0201 0202 0102 0102 0101 0101 0101 0102 0202 0201 0201 0202 0101 0201 0201 0201 0202 0202 0101 0101 0201 0102 0101
 POP69, 0101 0101 0202 0202 0202 0202 0102 0101 0101 0202 0101 0202 0101 0101 0202 0201 0201 0202 0202 0101 0101 0101 0102 0101
 POP69, 0101 0201 0202 0101 0202 0101 0101 0101 0101 0202 0201 0202 0202 0102 0201 0201 0101 0202 0202 0101 0101 0101 0202 0202
 POP69, 0101 0201 0102 0102 0102 0102 0101 0101 0101 0202 0202 0201 0101 0101 0202 0202 0202 0202 0202 0101 0101 0201 0202 0202
 POP69, 0101 0101 0202 0102 0102 0102 0101 0101 0102 0202 0201 0202 0202 0101 0202 0201 0201 0202 0202 0101 0101 0101 0202 0202
 POP69, 0201 0201 0202 0202 0202 0202 0101 0101 0101 0202 0201 0201 0202 0102 0201 0201 0201 0202 0202 0101 0101 0201 0202 0201
 POP69, 0101 0201 0202 0101 0102 0102 0101 0101 0101 0201 0201 0201 0202 0101 0202 0201 0202 0202 0202 0101 0101 0201 0102 0201
 POP69, 0101 0201 0202 0102 0202 0101 0101 0101 0101 0202 0201 0202 0201 0101 0201 0201 0202 0202 0202 0101 0101 0201 0202 0202
 POP69, 0101 0101 0102 0202 0202 0202 0102 0101 0101 0202 0201 0201 0201 0102 0201 0202 0201 0202 0202 0201 0101 0101 0202 0101
 POP69, 0101 0201 0101 0202 0202 0102 0101 0101 0101 0202 0201 0101 0101 0102 0201 0101 0201 0202 0202 0101 0101 0201 0202 0202
 POP69, 0101 0201 0102 0202 0202 0202 0101 0101 0101 0201 0101 0201 0202 0101 0201 0201 0201 0202 0202 0101 0101 0101 0202 0201
 POP69, 0101 0201 0202 0102 0202 0102 0101 0101 0102 0202 0202 0202 0201 0102 0202 0201 0202 0102 0202 0101 0101 0101 0202 0101
 POP69, 0101 0101 0202 0202 0202 0102 0101 0101 0101 0202 0202 0202 0202 0102 0201 0201 0201 0202 0202 0201 0101 0201 0102 0201
 POP69, 0101 0201 0102 0101 0202 0202 0102 0101 0101 0202 0201 0202 0202 0102 0201 0201 0201 0202 0202 0101 0101 0101 0202 0201
 POP69, 0101 0201 0102 0101 0202 0102 0101 0101 0101 0202 0201 0202 0202 0102 0201 0202 0201 0202 0202 0201 0101 0201 0202 0101
 POP69, 0101 0201 0102 0102 0202 0202 0102 0101 0101 0202 0101 0201 0201 0202 0201 0201 0201 0202 0202 0201 0101 0101 0202 0201
 POP69, 0101 0201 0202 0102 0101 0202 0101 0101 0101 0202 0101 0202 0202 0101 0201 0201 0202 0202 0202 0101 0101 0101 0202 0202
 POP69, 0101 0101 0202 0102 0202 0102 0101 0102 0101 0202 0201 0202 0202 0102 0202 0101 0201 0202 0202 0202 0101 0101 0102 0201
 POP69, 0101 0101 0202 0101 0202 0102 0101 0101 0101 0202 0201 0201 0202 0101 0202 0201 0101 0202 0202 0101 0101 0101 0202 0202
 POP69, 0101 0201 0102 0102 0202 0101 0101 0101 0101 0202 0202 0101 0201 0102 0201 0201 0202 0202 0202 0201 0101 0101 0202 0202
 POP69, 0101 0101 0102 0101 0202 0102 0101 0101 0101 0201 0101 0202 0201 0102 0202 0201 0201 0202 0202 0201 0101 0101 0202 0101
 POP69, 0101 0101 0102 0101 0202 0202 0101 0101 0101 0202 0201 0202 0101 0101 0202 0201 0201 0202 0202 0201 0101 0101 0202 0201
 POP69, 0201 0201 0202 0101 0202 0102 0101 0101 0101 0202 0202 0201 0202 0101 0201 0201 0201 0202 0202 0101 0101 0101 0102 0202
 POP69, 0101 0101 0202 0102 0202 0102 0101 0102 0101 0202 0201 0202 0201 0102 0201 0201 0201 0202 0202 0101 0101 0201 0102 0202
 POP69, 0101 0201 0102 0102 0202 0202 0101 0101 0101 0202 0201 0202 0201 0101 0201 0201 0201 0102 0202 0202 0201 0101 0102 0202
 POP69, 0101 0202 0202 0102 0202 0102 0101 0102 0102 0202 0201 0201 0201 0101 0202 0201 0201 0202 0202 0201 0101 0201 0202 0000
 POP69, 0101 0201 0202 0101 0202 0102 0101 0101 0101 0202 0101 0201 0201 0101 0201 0201 0202 0202 0202 0101 0101 0101 0102 0202
 POP69, 0101 0101 0202 0102 0102 0102 0101 0102 0101 0202 0201 0101 0201 0101 0201 0202 0202 0202 0202 0101 0101 0201 0102 0202
 POP69, 0101 0101 0102 0102 0202 0202 0101 0101 0101 0202 0101 0201 0202 0101 0202 0201 0101 0202 0202 0202 0101 0101 0202 0202
 POP69, 0101 0101 0202 0202 0202 0202 0102 0101 0101 0202 0201 0202 0202 0102 0202 0101 0202 0202 0202 0101 0101 0201 0202 0202
 POP69, 0101 0101 0202 0101 0202 0102 0101 0102 0202 0202 0201 0202 0201 0102 0101 0101 0101 0202 0202 0201 0101 0101 0202 0202
 POP69, 0101 0101 0202 0102 0101 0102 0101 0101 0102 0202 0202 0101 0201 0102 0201 0201 0202 0202 0202 0101 0101 0201 0202 0202
 POP69, 0101 0201 0202 0102 0202 0202 0101 0101 0101 0202 0201 0202 0202 0202 0202 0201 0201 0102 0202 0101 0101 0101 0202 0101
 POP69, 0101 0101 0202 0101 0102 0102 0102 0101 0101 0202 0202 0202 0201 0101 0201 0101 0202 0202 0202 0101 0101 0202 0102 0202
 POP69, 0101 0201 0202 0102 0202 0101 0102 0101 0101 0202 0101 0202 0202 0101 0202 0202 0201 0202 0202 0101 0101 0101 0102 0202
 POP69, 0101 0202 0202 0101 0202 0102 0101 0101 0101 0202 0202 0202 0202 0102 0202 0201 0101 0202 0202 0101 0101 0101 0102 0202
 POP69, 0101 0201 0202 0101 0202 0202 0202 0101 0101 0202 0201 0201 0202 0102 0201 0201 0202 0202 0202 0101 0101 0201 0102 0202
 POP69, 0201 0101 0202 0202 0202 0202 0102 0101 0101 0202 0201 0202 0202 0101 0202 0202 0201 0202 0202 0101 0101 0101 0202 0201
 POP69, 0101 0201 0202 0101 0202 0202 0101 0101 0101 0202 0101 0201 0201 0102 0201 0201 0202 0202 0202 0201 0101 0101 0202 0201
 POP69, 0101 0202 0102 0102 0202 0202 0101 0101 0101 0202 0201 0202 0202 0202 0201 0101 0201 0202 0202 0101 0101 0101 0202 0101
 POP69, 0101 0201 0202 0101 0202 0202 0101 0101 0101 0202 0201 0201 0202 0101 0201 0202 0201 0202 0202 0201 0101 0201 0202 0201
 POP69, 0101 0201 0202 0101 0202 0202 0101 0101 0101 0202 0101 0202 0202 0101 0202 0202 0201 0202 0202 0101 0201 0101 0202 0201
 POP69, 0101 0101 0102 0101 0202 0202 0102 0101 0101 0202 0101 0202 0202 0101 0202 0101 0202 0202 0202 0101 0101 0101 0202 0202
 POP69, 0101 0202 0202 0102 0202 0202 0102 0102 0101 0202 0101 0202 0201 0101 0101 0202 0202 0202 0202 0101 0101 0101 0202 0101
 POP69, 0101 0202 0202 0102 0202 0102 0101 0101 0101 0202 0201 0201 0202 0202 0201 0201 0201 0202 0202 0201 0101 0101 0202 0201
 POP69, 0201 0201 0202 0102 0202 0102 0102 0101 0101 0202 0202 0201 0201 0102 0201 0201 0101 0202 0202 0101 0101 0201 0202 0202
 POP69, 0101 0101 0202 0102 0202 0202 0101 0102 0102 0202 0201 0202 0201 0102 0201 0201 0101 0202 0202 0201 0101 0201 0102 0201
Pop
 POP72, 0101 0101 0202 0101 0202 0102 0101 0101 0101 0202 0201 0202 0201 0102 0202 0201 0101 0202 0202 0101 0101 0201 0202 0201
 POP72, 0101 0101 0202 0202 0102 0000 0101 0101 0101 0202 0202 0202 0202 0101 0201 0201 0101 0202 0202 0101 0101 0201 0202 0201
 POP72, 0101 0201 0202 0101 0202 0102 0101 0101 0102 0202 0201 0201 0202 0102 0202 0101 0201 0202 0202 0101 0101 0101 0202 0202
 POP72, 0101 0201 0102 0102 0202 0202 0101 0101 0101 0202 0101 0201 0202 0102 0201 0201 0201 0202 0202 0201 0101 0101 0202 0202
 POP72, 0101 0201 0202 0102 0202 0102 0101 0101 0102 0202 0101 0101 0201 0101 0202 0201 0201 0202 0202 0201 0101 0201 0202 0202
 POP72, 0101 0101 0202 0101 0202 0102 0102 0101 0202 0202 0201 0202 0202 0101 0201 0101 0201 0202 0202 0101 0101 0201 0202 0202
 POP72, 0101 0202 0202 0101 0102 0202 0101 0101 0101 0202 0201 0201 0202 0101 0201 0101 0201 0202 0202 0101 0101 0101 0202 0202
 POP72, 0101 0101 0202 0101 0202 0102 0101 0101 0101 0202 0201 0202 0202 0101 0201 0201 0202 0202 0202 0101 0201 0202 0202 0202
 POP72, 0101 0101 0202 0101 0202 0202 0000 0101 0202 0202 0101 0202 0202 0102 0201 0101 0202 0202 0202 0101 0201 0101 0202 0202
 POP72, 0101 0000 0102 0102 0202 0202 0000 0101 0101 0202 0101 0201 0202 0102 0201 0101 0202 0202 0202 0101 0101 0101 0202 0202
 POP72, 0101 0201 0202 0101 0102 0202 0000 0101 0102 0202 0101 0202 0202 0101 0201 0201 0201 0202 0202 0101 0201 0202 0202 0202
 POP72, 0101 0202 0202 0102 0102 0102 0101 0101 0102 0202 0101 0201 0202 0101 0201 0101 0101 0202 0202 0101 0101 0201 0202 0202
 POP72, 0101 0201 0202 0101 0102 0202 0101 0101 0102 0202 0201 0202 0202 0101 0201 0101 0201 0202 0202 0101 0201 0202 0202 0202
 POP72, 0101 0000 0102 0101 0202 0202 0102 0101 0101 0202 0101 0201 0202 0102 0201 0101 0202 0202 0202 0101 0201 0201 0202 0202
 POP72, 0101 0201 0202 0101 0102 0102 0101 0101 0101 0202 0201 0202 0202 0102 0201 0201 0202 0202 0202 0101 0201 0202 0202 0202
 POP72, 0101 0202 0102 0101 0202 0102 0102 0101 0102 0202 0201 0201 0202 0102 0201 0101 0202 0202 0202 0101 0101 0101 0202 0202
 POP72, 0101 0000 0102 0101 0202 0102 0101 0101 0102 0202 0201 0201 0202 0102 0201 0101 0202 0202 0202 0101 0201 0101 0202 0202
 POP72, 0101 0101 0202 0102 0202 0102 0101 0102 0101 0202 0201 0201 0201 0101 0202 0201 0201 0202 0202 0101 0101 0101 0202 0202
Pop
 POP73, 0101 0101 0102 0102 0102 0102 0102 0101 0101 0202 0202 0201 0202 0101 0201 0201 0101 0202 0202 0101 0101 0201 0202 0201
 POP73, 0101 0201 0102 0101 0202 0202 0101 0101 0101 0202 0101 0201 0201 0101 0201 0201 0202 0202 0202 0101 0201 0101 0202 0202
 POP73, 0101 0101 0202 0102 0102 0202 0101 0102 0101 0202 0201 0101 0101 0101 0201 0202 0101 0202 0202 0201 0101 0201 0202 0202
 POP73, 0101 0101 0202 0101 0202 0202 0101 0101 0101 0202 0201 0201 0201 0101 0202 0202 0101 0202 0202 0101 0101 0101 0202 0202
 POP73, 0101 0101 0202 0102 0202 0102 0101 0101 0101 0202 0101 0201 0202 0202 0201 0201 0201 0202 0202 0201 0101 0101 0202 0202
 POP73, 0101 0201 0202 0101 0202 0202 0101 0101 0102 0202 0201 0202 0201 0102 0202 0201 0201 0102 0202 0101 0101 0101 0202 0202
 POP73, 0101 0201 0202 0101 0102 0102 0101 0101 0101 0202 0201 0202 0202 0101 0202 0201 0101 0202 0202 0201 0101 0101 0202 0202
 POP73, 0101 0101 0202 0102 0202 0102 0101 0101 0101 0202 0101 0101 0202 0101 0101 0101 0201 0202 0202 0101 0101 0101 0102 0101
 POP73, 0101 0201 0202 0102 0202 0202 0101 0101 0101 0202 0201 0202 0202 0101 0202 0201 0101 0202 0202 0201 0101 0101 0202 0201
 POP73, 0101 0101 0102 0101 0202 0101 0101 0101 0101 0202 0202 0101 0201 0102 0202 0201 0202 0202 0101 0201 0101 0201 0202 0202
 POP73, 0101 0101 0202 0101 0102 0202 0102 0101 0101 0202 0201 0101 0202 0102 0202 0201 0202 0202 0202 0201 0101 0101 0102 0201
 POP73, 0101 0101 0202 0102 0202 0000 0101 0101 0101 0202 0202 0101 0202 0101 0201 0201 0101 0202 0202 0101 0101 0201 0202 0202
 POP73, 0101 0201 0102 0101 0202 0202 0102 0101 0102 0202 0101 0201 0202 0102 0202 0101 0201 0202 0202 0201 0101 0201 0202 0201
 POP73, 0101 0101 0102 0101 0102 0202 0101 0101 0101 0202 0101 0201 0201 0101 0201 0201 0201 0202 0202 0101 0101 0101 0202 0101
 POP73, 0101 0101 0202 0102 0102 0102 0101 0101 0101 0202 0201 0101 0202 0102 0202 0201 0201 0202 0202 0201 0101 0101 0102 0201
 POP73, 0101 0101 0202 0102 0202 0102 0101 0101 0101 0202 0201 0202 0202 0202 0202 0101 0101 0102 0202 0101 0101 0202 0202 0201
 POP73, 0101 0201 0202 0102 0102 0202 0101 0101 0101 0202 0201 0201 0202 0101 0202 0201 0201 0202 0202 0101 0201 0101 0202 0202
 POP73, 0101 0101 0202 0202 0202 0101 0101 0101 0101 0202 0101 0202 0201 0101 0202 0101 0201 0102 0202 0201 0101 0101 0102 0000
 POP73, 0101 0101 0202 0101 0202 0102 0101 0101 0101 0202 0201 0201 0202 0202 0202 0201 0202 0202 0202 0101 0101 0201 0102 0201
 POP73, 0101 0201 0102 0102 0202 0102 0101 0101 0101 0202 0201 0201 0202 0102 0201 0101 0101 0202 0202 0101 0101 0101 0202 0101
 POP73, 0101 0201 0202 0102 0102 0102 0102 0101 0101 0202 0101 0101 0201 0202 0202 0201 0202 0202 0202 0101 0101 0101 0202 0201
 POP73, 0101 0101 0202 0101 0202 0101 0102 0101 0101 0202 0201 0202 0202 0101 0101 0201 0101 0202 0202 0101 0201 0201 0202 0201
 POP73, 0101 0101 0202 0202 0202 0101 0101 0101 0101 0201 0201 0202 0201 0101 0202 0101 0201 0102 0202 0201 0201 0101 0202 0202
 POP73, 0101 0101 0202 0102 0101 0102 0101 0102 0101 0202 0201 0201 0202 0101 0202 0201 0202 0202 0202 0201 0101 0101 0202 0202
 POP73, 0101 0101 0202 0102 0202 0102 0101 0101 0101 0202 0101 0202 0202 0102 0202 0202 0201 0202 0202 0201 0101 0202 0202 0201
 POP73, 0101 0201 0102 0102 0202 0102 0101 0102 0101 0202 0202 0202 0202 0101 0201 0201 0202 0202 0202 0201 0201 0201 0102 0000
 POP73, 0101 0201 0202 0101 0202 0202 0101 0101 0101 0202 0201 0201 0202 0102 0201 0201 0201 0202 0202 0101 0101 0101 0102 0101
 POP73, 0101 0201 0102 0102 0202 0102 0101 0101 0101 0202 0101 0201 0202 0102 0201 0201 0201 0202 0202 0101 0101 0101 0202 0201
 POP73, 0101 0201 0202 0202 0202 0102 0101 0102 0102 0201 0201 0202 0201 0101 0101 0101 0201 0202 0202 0101 0101 0101 0202 0202
 POP73, 0101 0101 0202 0102 0102 0102 0101 0101 0101 0202 0201 0201 0201 0102 0202 0202 0201 0202 0202 0101 0201 0202 0202 0101
 POP73, 0101 0202 0202 0101 0102 0102 0101 0101 0101 0202 0101 0202 0202 0101 0202 0202 0201 0202 0201 0101 0101 0101 0202 0201
 POP73, 0101 0101 0202 0101 0202 0101 0101 0101 0101 0202 0201 0101 0101 0102 0202 0201 0201 0202 0202 0101 0101 0101 0202 0101
 POP73, 0101 0101 0202 0102 0102 0202 0101 0101 0101 0202 0201 0201 0201 0102 0202 0101 0201 0202 0202 0201 0201 0101 0102 0202
 POP73, 0101 0201 0202 0101 0202 0102 0101 0101 0101 0202 0202 0202 0101 0202 0201 0201 0202 0202 0202 0201 0101 0101 0202 0202
 POP73, 0101 0101 0202 0102 0202 0102 0101 0101 0101 0202 0201 0202 0201 0102 0201 0202 0101 0202 0202 0201 0101 0101 0202 0202
 POP73, 0101 0201 0202 0102 0202 0102 0101 0101 0101 0202 0202 0201 0201 0102 0202 0202 0201 0202 0202 0201 0101 0201 0202 0202
 POP73, 0101 0101 0102 0102 0202 0102 0101 0101 0101 0202 0101 0201 0202 0101 0201 0202 0202 0202 0202 0101 0101 0201 0202 0101
 POP73, 0101 0202 0202 0202 0102 0202 0101 0101 0101 0202 0201 0201 0201 0101 0202 0201 0101 0202 0202 0201 0101 0101 0102 0201
 POP73, 0101 0101 0202 0202 0101 0202 0101 0101 0101 0202 0101 0201 0201 0102 0202 0101 0201 0202 0202 0201 0101 0201 0202 0201
 POP73, 0101 0101 0202 0102 0202 0202 0102 0000 0101 0202 0201 0202 0201 0101 0201 0201 0101 0202 0202 0101 0201 0101 0202 0202
 POP73, 0101 0101 0202 0202 0202 0102 0101 0102 0101 0201 0202 0202 0201 0202 0201 0101 0202 0202 0202 0201 0101 0101 0202 0101
 POP73, 0101 0101 0202 0102 0202 0101 0101 0101 0102 0202 0201 0202 0202 0101 0202 0201 0201 0202 0202 0101 0101 0201 0202 0202
 POP73, 0101 0101 0202 0101 0101 0202 0101 0101 0101 0202 0101 0201 0101 0101 0202 0201 0101 0202 0202 0101 0101 0101 0202 0202
 POP73, 0101 0101 0202 0101 0102 0101 0101 0102 0101 0202 0101 0202 0202 0101 0201 0201 0201 0202 0202 0101 0101 0101 0202 0201
 POP73, 0101 0101 0202 0101 0202 0202 0102 0101 0101 0202 0201 0201 0202 0101 0201 0201 0201 0202 0202 0101 0101 0201 0202 0202
 POP73, 0101 0201 0202 0202 0202 0202 0101 0101 0101 0202 0201 0201 0202 0102 0202 0202 0201 0202 0202 0101 0101 0101 0102 0201
 POP73, 0101 0201 0202 0101 0202 0102 0101 0101 0101 0202 0201 0201 0201 0101 0201 0201 0201 0102 0202 0101 0101 0101 0202 0101
 POP73, 0202 0201 0202 0102 0102 0202 0102 0000 0101 0202 0202 0201 0101 0202 0202 0101 0201 0202 0202 0101 0201 0201 0202 0000
 POP73, 0101 0101 0202 0101 0102 0202 0101 0101 0101 0202 0201 0202 0101 0101 0202 0201 0202 0102 0201 0101 0101 0201 0102 0202
 POP73, 0101 0202 0202 0102 0202 0202 0101 0102 0101 0202 0201 0202 0201 0102 0201 0201 0101 0102 0202 0101 0101 0201 0102 0201
 POP73, 0101 0101 0202 0101 0202 0202 0101 0101 0101 0202 0201 0101 0202 0101 0201 0201 0202 0202 0202 0201 0101 0101 0202 0201
 POP73, 0101 0101 0202 0102 0202 0202 0101 0101 0101 0202 0101 0202 0202 0102 0202 0101 0201 0202 0202 0201 0101 0101 0202 0201
 POP73, 0101 0201 0202 0202 0102 0202 0102 0101 0101 0202 0201 0202 0101 0102 0202 0201 0101 0202 0202 0101 0201 0201 0202 0202
 POP73, 0101 0201 0202 0101 0202 0202 0101 0101 0101 0202 0201 0201 0101 0202 0201 0201 0201 0202 0202 0201 0101 0101 0202 0202
 POP73, 0101 0201 0202 0102 0202 0102 0101 0101 0101 0202 0101 0202 0101 0101 0202 0201 0202 0202 0202 0101 0201 0201 0202 0202
 POP73, 0101 0201 0202 0101 0202 0202 0101 0101 0101 0202 0202 0201 0202 0101 0202 0201 0202 0202 0202 0101 0201 0201 0202 0000
Pop
 POP75, 0101 0101 0102 0102 0202 0202 0101 0101 0101 0202 0201 0101 0202 0101 0202 0201 0201 0202 0202 0101 0101 0201 0202 0202
 POP75, 0101 0201 0202 0102 0202 0202 0101 0101 0102 0202 0201 0201 0201 0102 0202 0202 0202 0202 0202 0101 0101 0101 0102 0000
 POP75, 0101 0202 0202 0102 0202 0102 0101 0101 0102 0201 0202 0201 0201 0202 0201 0202 0202 0102 0202 0101 0201 0101 0202 0000
 POP75, 0101 0201 0202 0102 0202 0202 0101 0101 0101 0202 0201 0101 0201 0101 0201 0202 0202 0202 0202 0201 0201 0201 0102 0000
 POP75, 0101 0201 0101 0102 0202 0102 0101 0101 0101 0202 0101 0201 0202 0102 0101 0101 0201 0202 0202 0101 0101 0201 0202 0201
 POP75, 0101 0201 0202 0102 0202 0202 0101 0101 0101 0202 0201 0202 0202 0101 0202 0201 0201 0202 0202 0101 0101 0101 0202 0202
 POP75, 0101 0201 0202 0102 0202 0202 0101 0101 0101 0202 0201 0202 0202 0102 0201 0201 0202 0202 0202 0101 0101 0202 0202 0202
 POP75, 0101 0202 0102 0102 0202 0102 0101 0101 0101 0202 0101 0201 0201 0101 0202 0201 0101 0202 0202 0201 0101 0201 0202 0101
 POP75, 0101 0101 0202 0101 0202 0202 0101 0101 0101 0202 0202 0202 0201 0102 0202 0201 0201 0202 0202 0101 0101 0101 0202 0201
 POP75, 0101 0201 0202 0202 0202 0202 0101 0101 0101 0202 0101 0201 0202 0202 0202 0201 0202 0202 0202 0101 0101 0201 0102 0000
 POP75, 0101 0201 0102 0102 0102 0202 0101 0101 0101 0202 0201 0101 0202 0101 0101 0101 0201 0202 0202 0101 0101 0101 0202 0201
 POP75, 0101 0201 0102 0101 0202 0202 0101 0102 0101 0202 0201 0101 0202 0102 0201 0201 0202 0202 0202 0101 0101 0101 0202 0202
 POP75, 0101 0201 0202 0102 0202 0102 0102 0101 0101 0202 0201 0101 0202 0101 0202 0201 0101 0202 0202 0101 0101 0202 0202 0202
 POP75, 0101 0101 0202 0101 0202 0202 0101 0101 0101 0202 0201 0202 0101 0101 0202 0201 0201 0202 0202 0101 0101 0101 0202 0202
 POP75, 0101 0101 0202 0102 0202 0202 0101 0102 0101 0202 0201 0201 0201 0101 0201 0101 0201 0202 0202 0201 0101 0101 0102 0101
 POP75, 0101 0201 0101 0101 0202 0102 0101 0101 0101 0202 0202 0201 0201 0101 0202 0101 0201 0202 0202 0101 0201 0101 0202 0201
 POP75, 0101 0101 0202 0202 0202 0202 0101 0101 0101 0202 0202 0201 0202 0102 0201 0101 0101 0202 0202 0201 0101 0101 0202 0101
 POP75, 0101 0201 0102 0202 0202 0202 0102 0101 0101 0202 0201 0201 0202 0102 0101 0202 0101 0202 0202 0101 0101 0101 0202 0202
 POP75, 0101 0101 0102 0102 0202 0202 0101 0101 0101 0202 0202 0201 0201 0102 0201 0202 0202 0202 0202 0101 0101 0201 0102 0201
 POP75, 0101 0202 0102 0101 0202 0202 0101 0101 0101 0202 0202 0101 0201 0101 0201 0201 0202 0202 0202 0101 0101 0201 0202 0202
 POP75, 0101 0202 0102 0101 0202 0202 0101 0101 0101 0202 0201 0202 0201 0102 0202 0201 0101 0202 0202 0101 0101 0201 0102 0101
 POP75, 0101 0101 0202 0101 0102 0202 0101 0101 0101 0202 0201 0202 0202 0102 0201 0201 0202 0202 0202 0101 0101 0201 0202 0201
Pop
 POP76, 0101 0201 0202 0102 0202 0102 0101 0101 0101 0202 0201 0201 0202 0101 0201 0202 0201 0102 0202 0201 0101 0101 0202 0201
 POP76, 0101 0101 0102 0102 0102 0102 0101 0101 0102 0202 0201 0101 0202 0102 0202 0201 0101 0202 0202 0202 0101 0201 0102 0201
 POP76, 0101 0101 0102 0102 0202 0102 0101 0101 0101 0202 0202 0202 0201 0102 0202 0201 0202 0202 0202 0201 0101 0101 0202 0101
 POP76, 0101 0101 0202 0202 0202 0202 0101 0101 0101 0202 0201 0202 0202 0101 0202 0201 0101 0202 0202 0101 0101 0202 0202 0201
 POP76, 0101 0101 0202 0102 0102 0202 0101 0101 0101 0202 0101 0101 0202 0202 0201 0202 0101 0202 0202 0101 0101 0201 0202 0201
 POP76, 0101 0201 0102 0202 0102 0102 0101 0101 0101 0202 0101 0202 0201 0102 0201 0202 0201 0202 0202 0101 0101 0101 0202 0201
 POP76, 0101 0201 0202 0102 0202 0202 0102 0101 0101 0202 0101 0202 0202 0102 0201 0202 0101 0202 0202 0201 0101 0202 0202 0201
 POP76, 0101 0201 0202 0101 0202 0102 0102 0101 0101 0202 0201 0202 0201 0102 0101 0201 0101 0202 0202 0101 0101 0201 0202 0202
 POP76, 0101 0101 0202 0102 0202 0202 0102 0101 0101 0202 0201 0201 0201 0102 0201 0101 0201 0202 0202 0101 0101 0202 0202 0201
 POP76, 0101 0202 0202 0102 0202 0202 0102 0101 0101 0201 0101 0202 0101 0102 0201 0201 0101 0202 0202 0201 0101 0101 0202 0202
 POP76, 0101 0201 0202 0102 0102 0202 0101 0101 0101 0202 0201 0202 0202 0101 0201 0202 0101 0202 0202 0202 0101 0201 0202 0201
 POP76, 0101 0202 0102 0102 0202 0202 0101 0101 0101 0202 0202 0202 0201 0101 0202 0201 0101 0202 0202 0201 0101 0201 0202 0101
 POP76, 0101 0202 0202 0101 0102 0102 0101 0101 0101 0202 0201 0202 0202 0101 0202 0201 0202 0202 0202 0101 0101 0201 0202 0000
 POP76, 0101 0101 0202 0202 0202 0102 0101 0101 0102 0202 0101 0201 0201 0102 0202 0202 0201 0202 0202 0201 0101 0201 0102 0000
 POP76, 0101 0101 0202 0202 0202 0202 0102 0102 0102 0202 0101 0202 0202 0101 0202 0202 0101 0202 0202 0201 0201 0101 0202 0201
 POP76, 0101 0201 0202 0101 0202 0202 0101 0101 0102 0202 0201 0202 0101 0101 0202 0202 0201 0202 0202 0101 0101 0201 0202 0000
 POP76, 0101 0101 0102 0202 0202 0102 0101 0101 0101 0202 0201 0201 0202 0101 0201 0202 0201 0202 0202 0201 0101 0101 0202 0202
 POP76, 0101 0101 0202 0202 0102 0202 0102 0101 0101 0202 0201 0201 0201 0102 0101 0201 0201 0202 0202 0101 0101 0201 0202 0201
Pop
 POP77, 0101 0101 0102 0101 0202 0202 0101 0101 0101 0202 0101 0201 0202 0101 0101 0101 0202 0202 0202 0101 0201 0101 0202 0101
 POP77, 0101 0101 0202 0101 0202 0102 0101 0101 0101 0202 0202 0201 0202 0101 0202 0201 0201 0202 0202 0101 0201 0101 0102 0202
 POP77, 0101 0101 0202 0102 0102 0202 0101 0101 0101 0202 0101 0202 0202 0101 0201 0201 0201 0202 0202 0201 0201 0101 0202 0201
 POP77, 0101 0101 0202 0202 0102 0102 0101 0101 0101 0202 0101 0202 0202 0101 0202 0202 0202 0202 0202 0201 0101 0101 0202 0202
 POP77, 0101 0101 0102 0101 0202 0101 0101 0101 0101 0202 0201 0201 0202 0102 0202 0201 0202 0202 0202 0101 0201 0101 0202 0201
 POP77, 0101 0201 0102 0202 0202 0202 0101 0101 0102 0202 0101 0202 0201 0102 0201 0201 0201 0202 0202 0101 0201 0101 0202 0201
 POP77, 0101 0101 0202 0102 0102 0202 0101 0101 0101 0202 0101 0201 0202 0101 0201 0201 0202 0202 0202 0101 0101 0101 0202 0201
 POP77, 0101 0201 0202 0101 0202 0102 0101 0101 0101 0202 0101 0201 0202 0101 0201 0202 0201 0202 0202 0101 0201 0101 0202 0202
 POP77, 0101 0101 0202 0202 0202 0102 0101 0101 0101 0202 0101 0101 0202 0101 0201 0202 0201 0202 0202 0101 0101 0201 0202 0202
 POP77, 0101 0101 0202 0202 0202 0102 0101 0101 0102 0202 0201 0201 0201 0101 0202 0201 0101 0202 0202 0201 0101 0101 0202 0201
 POP77, 0101 0101 0202 0101 0102 0102 0101 0101 0101 0202 0201 0201 0202 0101 0202 0202 0201 0202 0202 0101 0201 0101 0202 0201
 POP77, 0101 0101 0202 0202 0102 0102 0102 0101 0101 0202 0101 0202 0202 0101 0202 0201 0201 0202 0202 0101 0101 0101 0202 0201
 POP77, 0101 0101 0202 0102 0202 0202 0102 0101 0101 0202 0201 0201 0201 0101 0202 0101 0202 0202 0202 0101 0101 0101 0202 0201
 POP77, 0101 0101 0202 0101 0202 0202 0101 0101 0101 0202 0201 0201 0201 0101 0202 0201 0202 0202 0202 0101 0101 0201 0202 0202
 POP77, 0101 0101 0102 0102 0102 0102 0101 0101 0101 0202 0201 0202 0202 0101 0202 0101 0201 0202 0202 0201 0201 0101 0202 0201
 POP77, 0101 0201 0102 0101 0202 0101 0101 0101 0101 0202 0101 0201 0201 0102 0201 0202 0202 0202 0202 0101 0101 0101 0202 0201
 POP77, 0101 0101 0202 0101 0102 0202 0101 0101 0101 0202 0101 0201 0202 0101 0202 0202 0201 0202 0202 0101 0201 0101 0202 0201
 POP77, 0101 0101 0202 0102 0102 0202 0101 0101 0101 0202 0101 0201 0202 0102 0201 0201 0201 0202 0202 0101 0101 0101 0202 0202
