Title line:"LowCol_allAdapt"
OMS00008
OMS00058
OMS00111
Omy_97954-618
Omy_aldB-165
Omy_bcAKala-380rd
Omy_cox1-221
Omy_gdh-271
Omy_hsf2-146
Omy_hsp47-86
Omy_OmyP9-180
Omy_stat3-273
Omy_tlr5-205
Pop
 POP04, 0202 0102 0101 0202 0102 0202 0202 0101 0202 0202 0202 0101 0201
 POP04, 0202 0102 0101 0202 0202 0201 0201 0101 0202 0101 0101 0101 0101
 POP04, 0202 0202 0101 0202 0102 0101 0202 0101 0202 0101 0102 0201 0101
 POP04, 0202 0102 0201 0202 0101 0101 0101 0102 0202 0201 0202 0201 0201
 POP04, 0202 0202 0101 0202 0101 0101 0101 0102 0202 0101 0202 0201 0101
 POP04, 0202 0101 0101 0202 0101 0101 0101 0101 0202 0201 0202 0101 0201
 POP04, 0202 0202 0101 0202 0101 0101 0201 0101 0202 0201 0202 0201 0202
 POP04, 0202 0101 0101 0202 0102 0101 0201 0102 0202 0201 0102 0101 0202
 POP04, 0202 0102 0101 0202 0101 0101 0101 0101 0202 0101 0202 0101 0101
 POP04, 0202 0102 0101 0202 0102 0101 0202 0101 0202 0201 0102 0101 0101
 POP04, 0202 0102 0201 0202 0102 0101 0202 0102 0202 0101 0202 0201 0101
 POP04, 0202 0102 0101 0202 0102 0201 0201 0101 0202 0202 0202 0201 0201
 POP04, 0202 0202 0201 0202 0101 0101 0201 0202 0202 0101 0202 0201 0101
 POP04, 0202 0102 0101 0202 0102 0202 0201 0102 0202 0201 0202 0202 0101
 POP04, 0202 0101 0201 0202 0102 0201 0201 0101 0202 0202 0202 0202 0101
 POP04, 0202 0102 0101 0202 0202 0101 0101 0101 0202 0101 0102 0101 0201
 POP04, 0202 0102 0101 0101 0101 0101 0101 0101 0202 0201 0102 0201 0101
 POP04, 0102 0102 0101 0202 0102 0101 0202 0101 0202 0202 0202 0101 0101
 POP04, 0202 0202 0101 0202 0102 0201 0202 0101 0202 0201 0202 0201 0201
 POP04, 0202 0202 0101 0202 0202 0202 0201 0102 0202 0101 0102 0201 0101
 POP04, 0202 0202 0101 0202 0102 0201 0201 0101 0202 0201 0102 0101 0101
 POP04, 0202 0202 0101 0202 0102 0201 0101 0101 0202 0202 0202 0101 0201
 POP04, 0202 0202 0201 0202 0102 0201 0201 0101 0202 0201 0202 0201 0201
 POP04, 0202 0102 0201 0202 0101 0101 0201 0101 0202 0201 0202 0201 0202
 POP04, 0202 0202 0101 0202 0101 0101 0201 0101 0202 0201 0202 0201 0101
 POP04, 0202 0101 0201 0202 0102 0201 0101 0101 0202 0201 0202 0202 0101
 POP04, 0202 0101 0201 0102 0102 0201 0202 0102 0202 0101 0202 0101 0101
 POP04, 0202 0102 0201 0202 0202 0201 0101 0101 0202 0202 0102 0201 0101
 POP04, 0102 0202 0101 0202 0102 0101 0201 0101 0202 0101 0202 0101 0101
 POP04, 0202 0102 0101 0202 0102 0201 0101 0102 0202 0202 0202 0201 0201
 POP04, 0202 0102 0101 0202 0101 0201 0202 0101 0202 0202 0102 0201 0101
 POP04, 0202 0202 0101 0202 0101 0101 0202 0101 0202 0202 0102 0201 0201
 POP04, 0202 0102 0202 0202 0101 0101 0101 0102 0202 0202 0202 0101 0101
 POP04, 0202 0202 0201 0202 0101 0101 0101 0101 0202 0202 0202 0201 0101
 POP04, 0202 0102 0101 0202 0202 0101 0202 0102 0202 0201 0102 0101 0101
 POP04, 0202 0102 0101 0202 0101 0201 0202 0101 0202 0201 0202 0201 0101
 POP04, 0202 0202 0201 0202 0102 0201 0101 0101 0202 0202 0202 0201 0101
 POP04, 0202 0102 0101 0202 0101 0201 0201 0101 0202 0101 0202 0101 0201
 POP04, 0202 0102 0201 0202 0102 0101 0101 0101 0202 0201 0202 0101 0201
 POP04, 0202 0202 0101 0202 0101 0101 0201 0101 0202 0202 0102 0201 0201
 POP04, 0202 0202 0101 0202 0102 0101 0101 0101 0202 0201 0202 0101 0201
 POP04, 0202 0102 0101 0202 0101 0201 0201 0101 0202 0201 0202 0201 0101
 POP04, 0202 0102 0101 0202 0101 0201 0201 0102 0202 0202 0102 0201 0101
 POP04, 0202 0101 0201 0202 0101 0201 0201 0101 0202 0101 0202 0101 0101
 POP04, 0202 0102 0201 0202 0102 0101 0101 0102 0201 0201 0202 0202 0101
 POP04, 0202 0202 0101 0202 0102 0201 0101 0101 0202 0202 0102 0101 0101
 POP04, 0202 0101 0101 0202 0102 0201 0202 0101 0202 0201 0202 0101 0101
 POP04, 0202 0102 0101 0102 0101 0101 0101 0101 0202 0202 0202 0201 0101
 POP04, 0202 0102 0101 0202 0102 0101 0201 0102 0202 0202 0202 0101 0101
 POP04, 0202 0202 0101 0202 0101 0202 0201 0101 0202 0201 0202 0201 0101
 POP04, 0102 0202 0201 0202 0102 0101 0202 0101 0202 0201 0202 0201 0101
 POP04, 0202 0202 0101 0202 0101 0202 0201 0101 0202 0202 0202 0101 0201
 POP04, 0202 0102 0101 0202 0101 0101 0202 0102 0202 0201 0202 0101 0101
 POP04, 0202 0202 0201 0202 0102 0201 0201 0101 0202 0201 0202 0101 0101
 POP04, 0202 0202 0101 0202 0101 0201 0101 0101 0202 0201 0202 0101 0202
 POP04, 0202 0202 0201 0202 0101 0201 0201 0101 0202 0202 0202 0101 0101
 POP04, 0202 0102 0101 0202 0101 0202 0202 0102 0202 0201 0102 0201 0101
 POP04, 0202 0202 0101 0202 0101 0202 0201 0102 0202 0202 0102 0101 0201
 POP04, 0202 0102 0101 0202 0101 0101 0201 0101 0202 0201 0202 0101 0201
 POP04, 0202 0102 0101 0202 0202 0101 0202 0101 0202 0101 0102 0201 0101
 POP04, 0202 0202 0101 0202 0102 0201 0201 0101 0202 0202 0102 0101 0101
 POP04, 0202 0102 0101 0102 0102 0201 0202 0101 0202 0202 0202 0201 0101
 POP04, 0202 0102 0101 0202 0202 0201 0202 0102 0202 0202 0202 0101 0101
 POP04, 0202 0202 0101 0202 0101 0101 0201 0101 0202 0101 0202 0201 0201
 POP04, 0202 0202 0101 0202 0102 0202 0101 0101 0202 0202 0102 0201 0101
 POP04, 0202 0102 0101 0202 0101 0201 0201 0101 0202 0201 0202 0101 0101
 POP04, 0202 0102 0101 0202 0102 0101 0101 0101 0202 0101 0202 0202 0201
 POP04, 0202 0102 0101 0202 0102 0201 0101 0101 0202 0202 0102 0201 0101
 POP04, 0202 0101 0201 0202 0101 0101 0101 0101 0202 0201 0101 0201 0201
 POP04, 0202 0202 0101 0202 0202 0101 0201 0101 0202 0201 0202 0101 0101
 POP04, 0202 0202 0201 0202 0101 0101 0201 0101 0202 0201 0202 0201 0201
 POP04, 0202 0102 0201 0202 0102 0201 0201 0102 0202 0101 0202 0101 0101
 POP04, 0202 0102 0101 0202 0102 0101 0101 0102 0202 0202 0102 0201 0201
 POP04, 0202 0102 0101 0202 0102 0101 0202 0101 0202 0202 0202 0201 0101
 POP04, 0202 0102 0101 0202 0101 0201 0201 0102 0201 0201 0202 0202 0101
 POP04, 0202 0202 0101 0202 0101 0201 0101 0101 0202 0201 0202 0201 0201
 POP04, 0202 0102 0101 0202 0102 0201 0201 0102 0202 0101 0102 0101 0101
 POP04, 0202 0202 0101 0202 0101 0101 0201 0101 0202 0201 0202 0202 0101
 POP04, 0202 0202 0101 0202 0101 0101 0202 0101 0202 0202 0202 0101 0101
 POP04, 0202 0102 0201 0202 0102 0101 0201 0101 0202 0201 0202 0201 0201
 POP04, 0202 0202 0201 0202 0102 0101 0201 0202 0202 0201 0102 0101 0101
 POP04, 0202 0101 0201 0202 0202 0101 0202 0102 0202 0201 0101 0202 0101
 POP04, 0202 0101 0101 0102 0102 0201 0201 0101 0202 0202 0202 0101 0101
 POP04, 0202 0202 0101 0202 0101 0201 0101 0102 0201 0101 0202 0202 0101
 POP04, 0202 0202 0201 0202 0101 0201 0101 0202 0202 0201 0202 0202 0101
 POP04, 0202 0202 0101 0202 0101 0201 0101 0102 0202 0202 0202 0202 0101
 POP04, 0202 0102 0101 0202 0202 0101 0101 0102 0202 0202 0202 0201 0101
 POP04, 0202 0102 0101 0202 0202 0202 0201 0202 0202 0202 0102 0101 0101
 POP04, 0202 0202 0101 0202 0102 0201 0201 0101 0202 0202 0102 0101 0201
 POP04, 0202 0202 0101 0102 0102 0201 0101 0102 0202 0202 0102 0101 0101
 POP04, 0202 0101 0201 0202 0101 0101 0201 0101 0202 0201 0202 0202 0201
 POP04, 0102 0202 0101 0202 0101 0101 0202 0101 0202 0201 0202 0201 0101
 POP04, 0202 0102 0201 0202 0202 0101 0201 0101 0202 0201 0202 0201 0101
 POP04, 0202 0102 0101 0202 0102 0201 0101 0101 0202 0201 0202 0201 0201
Pop
 POP05, 0202 0202 0101 0202 0101 0101 0101 0101 0202 0202 0102 0201 0101
 POP05, 0202 0202 0101 0202 0102 0101 0201 0101 0202 0202 0202 0101 0101
 POP05, 0202 0202 0101 0202 0101 0201 0201 0102 0202 0201 0102 0202 0101
 POP05, 0202 0102 0201 0202 0102 0201 0101 0102 0202 0201 0202 0201 0201
 POP05, 0202 0202 0101 0202 0102 0101 0201 0101 0202 0201 0202 0101 0202
 POP05, 0202 0202 0201 0202 0102 0201 0101 0102 0202 0101 0101 0201 0201
 POP05, 0202 0102 0101 0202 0102 0202 0201 0102 0202 0202 0202 0202 0101
 POP05, 0202 0202 0202 0202 0102 0101 0201 0101 0202 0201 0202 0201 0101
 POP05, 0202 0202 0201 0202 0101 0101 0201 0102 0202 0101 0202 0101 0101
 POP05, 0202 0202 0201 0202 0101 0101 0101 0101 0202 0201 0102 0201 0202
 POP05, 0202 0202 0101 0202 0202 0101 0201 0101 0202 0101 0202 0201 0201
 POP05, 0202 0102 0101 0202 0101 0101 0202 0102 0202 0202 0102 0201 0201
 POP05, 0202 0102 0101 0202 0102 0201 0201 0101 0202 0101 0102 0201 0101
 POP05, 0202 0102 0101 0102 0101 0101 0202 0102 0202 0202 0101 0101 0101
 POP05, 0202 0102 0101 0202 0102 0101 0201 0101 0202 0201 0202 0201 0101
 POP05, 0202 0202 0101 0202 0101 0201 0201 0102 0202 0101 0102 0201 0201
 POP05, 0202 0102 0101 0202 0101 0101 0201 0102 0202 0202 0202 0201 0101
 POP05, 0202 0202 0101 0202 0102 0201 0202 0102 0202 0201 0202 0201 0101
 POP05, 0202 0202 0101 0202 0101 0201 0201 0102 0202 0202 0202 0202 0202
 POP05, 0202 0202 0101 0202 0101 0101 0201 0101 0202 0201 0102 0201 0101
 POP05, 0202 0202 0101 0202 0101 0201 0201 0101 0202 0201 0202 0101 0201
 POP05, 0202 0202 0101 0202 0101 0101 0201 0102 0202 0101 0202 0101 0101
 POP05, 0202 0102 0201 0202 0101 0101 0201 0101 0202 0202 0102 0202 0201
 POP05, 0202 0202 0201 0202 0102 0101 0201 0102 0202 0201 0101 0201 0101
 POP05, 0202 0202 0101 0202 0101 0101 0202 0101 0202 0202 0202 0101 0101
 POP05, 0202 0202 0201 0202 0102 0201 0201 0102 0202 0101 0202 0202 0201
 POP05, 0202 0102 0201 0202 0102 0101 0101 0102 0202 0201 0102 0201 0202
 POP05, 0202 0102 0201 0202 0101 0101 0101 0102 0202 0101 0202 0201 0101
 POP05, 0202 0101 0101 0102 0102 0201 0201 0101 0202 0201 0102 0101 0202
 POP05, 0202 0202 0101 0202 0102 0101 0202 0101 0202 0202 0102 0101 0201
 POP05, 0202 0202 0101 0202 0101 0101 0201 0101 0202 0201 0101 0101 0101
 POP05, 0202 0102 0101 0202 0102 0202 0202 0102 0202 0202 0102 0101 0201
 POP05, 0202 0102 0101 0202 0102 0101 0201 0101 0202 0101 0202 0201 0201
 POP05, 0202 0202 0101 0202 0202 0201 0202 0101 0202 0101 0202 0201 0101
 POP05, 0202 0202 0101 0202 0202 0101 0101 0101 0202 0101 0101 0101 0201
 POP05, 0202 0202 0201 0202 0101 0101 0201 0102 0202 0201 0202 0201 0202
 POP05, 0202 0102 0101 0202 0101 0101 0101 0102 0202 0101 0202 0201 0201
 POP05, 0202 0202 0201 0202 0101 0101 0201 0102 0202 0101 0102 0201 0101
 POP05, 0202 0102 0101 0202 0102 0101 0201 0101 0101 0201 0102 0101 0101
 POP05, 0202 0102 0101 0202 0101 0201 0201 0101 0202 0201 0202 0201 0101
 POP05, 0202 0202 0101 0202 0202 0201 0201 0101 0202 0101 0101 0201 0101
 POP05, 0202 0202 0101 0202 0101 0101 0202 0102 0202 0202 0101 0201 0101
 POP05, 0202 0202 0101 0202 0102 0101 0101 0101 0202 0201 0102 0201 0201
 POP05, 0202 0202 0101 0202 0102 0202 0201 0102 0202 0201 0202 0202 0101
 POP05, 0202 0202 0201 0202 0102 0201 0201 0102 0202 0101 0102 0201 0202
 POP05, 0202 0202 0101 0202 0102 0101 0201 0202 0202 0202 0102 0201 0101
 POP05, 0202 0102 0101 0202 0102 0101 0201 0102 0202 0101 0102 0101 0101
 POP05, 0202 0202 0101 0202 0102 0101 0201 0101 0202 0201 0101 0101 0202
 POP05, 0202 0202 0101 0202 0102 0202 0101 0102 0202 0201 0202 0101 0101
 POP05, 0202 0202 0101 0202 0102 0201 0101 0102 0202 0202 0102 0201 0101
 POP05, 0202 0101 0101 0202 0101 0101 0101 0102 0202 0201 0202 0201 0101
 POP05, 0202 0202 0101 0202 0102 0202 0101 0101 0202 0101 0101 0101 0201
 POP05, 0202 0102 0101 0102 0101 0101 0201 0101 0202 0201 0102 0101 0201
 POP05, 0202 0102 0201 0202 0102 0201 0201 0101 0202 0201 0102 0101 0101
 POP05, 0202 0202 0201 0202 0101 0202 0202 0202 0202 0202 0102 0101 0101
 POP05, 0202 0102 0101 0202 0101 0101 0201 0101 0202 0101 0202 0201 0101
 POP05, 0202 0202 0101 0202 0102 0101 0101 0101 0202 0202 0202 0201 0201
 POP05, 0202 0202 0101 0202 0102 0101 0202 0102 0202 0201 0101 0101 0101
 POP05, 0202 0102 0101 0202 0102 0101 0101 0101 0202 0201 0202 0201 0202
 POP05, 0202 0101 0101 0202 0101 0101 0101 0102 0202 0201 0102 0101 0101
 POP05, 0202 0102 0201 0202 0102 0201 0201 0102 0202 0201 0102 0201 0101
 POP05, 0202 0202 0101 0202 0101 0201 0201 0101 0202 0201 0202 0201 0201
 POP05, 0202 0102 0101 0202 0102 0201 0201 0101 0202 0201 0102 0101 0201
 POP05, 0202 0101 0201 0202 0102 0201 0202 0101 0202 0202 0202 0101 0101
 POP05, 0202 0202 0201 0202 0102 0101 0101 0101 0202 0202 0202 0101 0201
 POP05, 0202 0202 0101 0202 0102 0201 0201 0101 0202 0201 0102 0101 0201
 POP05, 0202 0202 0101 0202 0101 0201 0202 0102 0202 0201 0102 0101 0201
 POP05, 0202 0202 0101 0202 0101 0202 0201 0102 0202 0202 0102 0201 0101
 POP05, 0202 0202 0101 0202 0102 0101 0201 0102 0202 0201 0102 0202 0201
 POP05, 0202 0202 0101 0202 0102 0201 0202 0101 0202 0201 0102 0101 0101
 POP05, 0202 0202 0101 0202 0102 0101 0201 0102 0202 0202 0202 0201 0101
 POP05, 0202 0102 0101 0102 0102 0201 0201 0101 0202 0201 0202 0201 0101
 POP05, 0202 0102 0101 0202 0101 0101 0201 0102 0202 0201 0102 0101 0101
 POP05, 0202 0202 0201 0000 0202 0201 0101 0101 0202 0202 0202 0201 0201
 POP05, 0202 0102 0101 0202 0102 0000 0101 0101 0202 0202 0202 0101 0101
 POP05, 0102 0102 0101 0102 0102 0101 0201 0202 0202 0201 0102 0202 0101
 POP05, 0202 0102 0101 0202 0102 0101 0202 0101 0202 0101 0202 0201 0101
 POP05, 0202 0102 0101 0202 0101 0101 0202 0101 0202 0202 0202 0101 0101
 POP05, 0202 0102 0101 0202 0102 0201 0202 0101 0202 0201 0102 0201 0202
 POP05, 0202 0102 0101 0202 0202 0201 0101 0202 0202 0101 0101 0201 0101
 POP05, 0202 0202 0101 0202 0101 0101 0201 0101 0202 0201 0102 0101 0101
 POP05, 0202 0102 0101 0202 0102 0201 0201 0102 0202 0101 0102 0201 0101
 POP05, 0202 0202 0202 0000 0102 0201 0201 0101 0202 0202 0202 0101 0101
 POP05, 0202 0202 0101 0202 0102 0101 0201 0101 0202 0201 0202 0201 0101
 POP05, 0202 0101 0101 0202 0102 0201 0101 0101 0202 0201 0202 0101 0101
 POP05, 0202 0202 0101 0202 0202 0101 0201 0101 0202 0201 0202 0202 0201
 POP05, 0202 0102 0101 0202 0101 0201 0201 0101 0202 0201 0202 0201 0101
 POP05, 0202 0202 0101 0202 0000 0202 0201 0101 0202 0201 0102 0101 0201
 POP05, 0202 0202 0201 0202 0202 0101 0201 0101 0202 0201 0102 0101 0101
 POP05, 0202 0102 0101 0202 0000 0101 0201 0102 0202 0201 0202 0101 0202
 POP05, 0202 0102 0101 0202 0101 0201 0201 0102 0202 0202 0202 0101 0101
 POP05, 0202 0102 0201 0202 0102 0101 0101 0102 0202 0202 0202 0101 0101
 POP05, 0202 0202 0201 0202 0101 0101 0202 0102 0202 0101 0202 0201 0202
 POP05, 0202 0102 0101 0202 0102 0101 0101 0102 0202 0201 0101 0201 0101
Pop
 POP07, 0202 0202 0101 0202 0202 0201 0202 0101 0202 0202 0102 0101 0201
 POP07, 0202 0202 0101 0202 0101 0101 0201 0101 0202 0201 0202 0201 0101
 POP07, 0202 0202 0101 0202 0202 0202 0202 0101 0202 0101 0102 0201 0201
 POP07, 0202 0202 0201 0202 0102 0202 0202 0101 0202 0101 0102 0101 0201
 POP07, 0202 0101 0101 0202 0202 0201 0201 0101 0202 0201 0202 0201 0101
 POP07, 0202 0202 0201 0202 0102 0101 0201 0102 0202 0202 0101 0201 0101
 POP07, 0202 0102 0201 0202 0102 0101 0101 0101 0202 0201 0202 0101 0101
 POP07, 0202 0101 0201 0202 0202 0101 0201 0102 0201 0201 0202 0201 0201
 POP07, 0202 0202 0201 0102 0202 0101 0201 0101 0202 0202 0102 0101 0101
 POP07, 0202 0102 0101 0202 0102 0101 0101 0101 0201 0202 0202 0201 0201
 POP07, 0202 0202 0201 0202 0202 0101 0101 0102 0202 0201 0101 0201 0201
 POP07, 0202 0202 0201 0202 0102 0202 0202 0101 0202 0201 0202 0201 0201
 POP07, 0202 0101 0201 0102 0102 0101 0101 0101 0202 0202 0102 0202 0202
 POP07, 0202 0101 0101 0202 0101 0201 0201 0101 0202 0202 0101 0201 0101
 POP07, 0202 0102 0101 0202 0202 0201 0201 0101 0202 0202 0102 0201 0101
 POP07, 0202 0102 0101 0202 0202 0201 0202 0101 0202 0101 0102 0101 0101
 POP07, 0102 0202 0201 0202 0101 0101 0202 0101 0202 0202 0101 0201 0101
 POP07, 0202 0202 0101 0202 0202 0101 0202 0101 0202 0201 0101 0202 0201
 POP07, 0202 0202 0101 0202 0102 0201 0202 0102 0202 0202 0101 0101 0201
 POP07, 0202 0102 0202 0202 0102 0202 0101 0202 0201 0201 0202 0201 0101
 POP07, 0202 0102 0101 0202 0101 0101 0201 0101 0202 0201 0102 0202 0201
 POP07, 0202 0102 0101 0202 0202 0201 0202 0101 0202 0201 0202 0201 0101
 POP07, 0202 0202 0101 0102 0102 0201 0201 0102 0201 0101 0102 0202 0101
 POP07, 0202 0102 0201 0102 0101 0101 0201 0101 0202 0101 0202 0201 0101
 POP07, 0202 0102 0101 0202 0102 0201 0101 0101 0202 0201 0102 0201 0201
 POP07, 0202 0202 0101 0202 0102 0201 0201 0101 0202 0201 0202 0101 0101
 POP07, 0202 0202 0201 0202 0102 0101 0101 0102 0202 0201 0101 0202 0101
 POP07, 0202 0102 0101 0202 0102 0101 0201 0102 0202 0101 0202 0101 0101
 POP07, 0202 0102 0101 0202 0102 0101 0201 0101 0202 0201 0202 0101 0201
 POP07, 0202 0202 0201 0202 0202 0101 0202 0101 0202 0202 0202 0201 0201
 POP07, 0202 0102 0101 0202 0102 0101 0101 0101 0202 0201 0202 0101 0101
 POP07, 0202 0102 0201 0202 0102 0202 0101 0101 0202 0201 0101 0101 0201
 POP07, 0202 0202 0101 0102 0202 0101 0202 0101 0202 0201 0102 0101 0101
 POP07, 0202 0102 0101 0202 0102 0101 0201 0102 0202 0202 0202 0101 0201
 POP07, 0102 0202 0101 0202 0102 0201 0101 0101 0202 0201 0202 0202 0101
 POP07, 0202 0102 0101 0202 0102 0101 0101 0102 0202 0201 0101 0101 0101
 POP07, 0102 0202 0101 0202 0202 0101 0202 0102 0202 0202 0102 0201 0101
 POP07, 0202 0202 0101 0202 0202 0201 0202 0101 0202 0202 0202 0101 0101
 POP07, 0202 0102 0201 0202 0102 0101 0202 0101 0202 0201 0102 0202 0101
 POP07, 0202 0102 0201 0202 0102 0101 0202 0102 0202 0202 0102 0201 0101
 POP07, 0202 0202 0201 0102 0102 0101 0201 0101 0202 0202 0101 0101 0101
 POP07, 0202 0202 0101 0202 0202 0101 0201 0102 0202 0201 0202 0101 0101
 POP07, 0202 0202 0201 0202 0102 0201 0202 0101 0202 0201 0202 0101 0101
 POP07, 0202 0202 0202 0102 0202 0101 0201 0101 0202 0201 0102 0201 0101
 POP07, 0202 0202 0101 0202 0102 0202 0201 0102 0202 0202 0202 0201 0101
 POP07, 0102 0202 0101 0202 0102 0201 0101 0102 0202 0202 0101 0201 0101
 POP07, 0202 0202 0201 0202 0202 0201 0201 0202 0201 0201 0202 0202 0101
 POP07, 0202 0102 0101 0202 0102 0201 0201 0101 0202 0202 0202 0201 0101
 POP07, 0202 0202 0202 0202 0102 0101 0201 0102 0202 0101 0102 0201 0101
 POP07, 0202 0102 0101 0202 0102 0101 0101 0101 0202 0201 0102 0201 0101
 POP07, 0202 0101 0101 0102 0102 0201 0201 0101 0202 0202 0202 0201 0201
 POP07, 0102 0202 0101 0202 0202 0101 0201 0101 0202 0201 0102 0101 0101
 POP07, 0202 0102 0101 0202 0102 0101 0201 0101 0202 0202 0102 0201 0101
 POP07, 0202 0102 0101 0102 0202 0202 0201 0101 0202 0201 0102 0101 0101
 POP07, 0202 0102 0101 0202 0202 0101 0202 0101 0202 0202 0102 0202 0101
 POP07, 0202 0202 0101 0202 0101 0201 0202 0101 0202 0202 0102 0101 0101
 POP07, 0102 0202 0101 0202 0101 0101 0201 0101 0202 0202 0202 0201 0101
 POP07, 0202 0101 0201 0202 0102 0201 0201 0101 0202 0201 0101 0201 0101
 POP07, 0202 0202 0201 0102 0102 0101 0202 0101 0202 0202 0102 0101 0101
 POP07, 0202 0102 0101 0202 0102 0101 0201 0102 0202 0202 0202 0201 0101
 POP07, 0202 0102 0101 0102 0202 0101 0201 0101 0202 0201 0101 0201 0101
 POP07, 0202 0202 0101 0202 0202 0201 0101 0101 0201 0202 0102 0101 0201
 POP07, 0202 0202 0101 0202 0102 0201 0101 0101 0202 0202 0101 0201 0101
 POP07, 0202 0102 0201 0202 0101 0101 0202 0101 0202 0202 0101 0101 0101
 POP07, 0202 0102 0101 0202 0202 0101 0201 0101 0202 0202 0101 0101 0101
 POP07, 0202 0102 0101 0202 0101 0101 0201 0101 0202 0201 0202 0101 0202
 POP07, 0202 0101 0101 0202 0101 0101 0201 0101 0202 0202 0202 0101 0101
 POP07, 0202 0102 0201 0202 0202 0101 0101 0101 0202 0201 0102 0201 0101
 POP07, 0202 0202 0101 0202 0102 0202 0201 0101 0202 0201 0102 0201 0201
 POP07, 0202 0101 0101 0202 0102 0201 0202 0102 0202 0201 0101 0202 0101
 POP07, 0202 0101 0101 0202 0202 0101 0101 0101 0202 0202 0102 0201 0101
 POP07, 0202 0202 0101 0202 0101 0101 0201 0102 0202 0201 0202 0201 0101
 POP07, 0202 0102 0101 0202 0101 0201 0101 0202 0202 0101 0202 0201 0101
 POP07, 0102 0102 0101 0202 0102 0101 0201 0102 0202 0201 0102 0201 0101
 POP07, 0202 0102 0201 0202 0102 0202 0201 0101 0202 0202 0102 0202 0101
 POP07, 0202 0202 0101 0102 0202 0101 0201 0101 0202 0202 0202 0201 0101
 POP07, 0202 0202 0201 0202 0102 0101 0201 0101 0202 0201 0101 0000 0201
Pop
 POP08, 0202 0102 0101 0202 0102 0201 0202 0101 0201 0101 0102 0202 0101
 POP08, 0202 0202 0201 0202 0102 0201 0201 0102 0202 0201 0202 0202 0201
 POP08, 0202 0102 0201 0202 0202 0201 0201 0101 0202 0201 0101 0201 0101
 POP08, 0202 0102 0201 0202 0102 0201 0201 0101 0202 0201 0202 0202 0101
 POP08, 0202 0202 0101 0202 0102 0201 0201 0102 0202 0202 0102 0201 0201
 POP08, 0202 0202 0101 0202 0202 0201 0201 0101 0202 0202 0202 0201 0101
 POP08, 0202 0101 0101 0202 0101 0202 0201 0101 0202 0201 0102 0201 0101
 POP08, 0202 0102 0201 0202 0102 0202 0201 0101 0202 0201 0202 0101 0201
 POP08, 0202 0202 0101 0102 0102 0201 0202 0101 0202 0201 0202 0202 0201
 POP08, 0202 0102 0101 0202 0102 0101 0202 0101 0202 0202 0202 0201 0201
 POP08, 0202 0102 0101 0101 0102 0101 0201 0101 0202 0201 0202 0101 0101
 POP08, 0202 0101 0101 0202 0102 0201 0101 0101 0202 0201 0102 0101 0202
 POP08, 0202 0202 0101 0202 0202 0202 0101 0101 0202 0201 0101 0201 0101
 POP08, 0202 0202 0201 0202 0102 0202 0201 0101 0202 0202 0202 0101 0101
 POP08, 0202 0202 0101 0202 0102 0201 0201 0101 0202 0201 0202 0101 0101
 POP08, 0202 0202 0201 0202 0202 0201 0101 0102 0202 0201 0202 0202 0101
 POP08, 0102 0102 0101 0202 0202 0201 0101 0101 0202 0202 0202 0201 0101
 POP08, 0202 0102 0101 0102 0102 0202 0201 0102 0202 0201 0102 0201 0201
 POP08, 0202 0202 0101 0202 0202 0201 0101 0102 0202 0201 0202 0101 0101
 POP08, 0202 0102 0101 0202 0202 0202 0201 0102 0202 0202 0202 0201 0201
 POP08, 0202 0102 0101 0202 0101 0101 0101 0101 0202 0201 0202 0101 0201
 POP08, 0202 0102 0101 0202 0202 0202 0101 0101 0202 0202 0202 0201 0101
 POP08, 0202 0202 0101 0202 0102 0202 0101 0102 0202 0201 0102 0101 0101
 POP08, 0202 0202 0201 0202 0102 0202 0201 0101 0202 0101 0102 0201 0101
 POP08, 0202 0202 0101 0202 0102 0202 0101 0101 0202 0201 0101 0201 0201
 POP08, 0202 0202 0101 0202 0102 0201 0202 0102 0202 0202 0102 0101 0101
 POP08, 0202 0202 0101 0202 0202 0202 0101 0101 0202 0202 0102 0201 0101
 POP08, 0202 0202 0101 0202 0102 0201 0101 0101 0202 0101 0202 0202 0201
 POP08, 0202 0202 0201 0202 0202 0202 0101 0102 0202 0201 0202 0201 0101
 POP08, 0202 0202 0101 0202 0101 0201 0201 0102 0202 0201 0202 0101 0101
 POP08, 0202 0102 0101 0202 0102 0201 0202 0101 0202 0201 0202 0201 0101
 POP08, 0202 0102 0101 0202 0102 0201 0201 0101 0202 0201 0202 0201 0201
 POP08, 0202 0202 0101 0000 0102 0201 0101 0102 0202 0201 0202 0201 0101
 POP08, 0202 0101 0201 0202 0101 0101 0201 0101 0202 0201 0202 0202 0201
 POP08, 0202 0101 0101 0202 0102 0202 0202 0101 0202 0202 0102 0101 0201
 POP08, 0202 0202 0201 0202 0101 0202 0201 0202 0202 0201 0202 0201 0201
 POP08, 0202 0102 0101 0202 0101 0202 0201 0101 0202 0201 0202 0201 0201
 POP08, 0202 0101 0101 0202 0102 0201 0202 0101 0202 0202 0202 0101 0201
 POP08, 0102 0101 0101 0202 0101 0201 0101 0101 0202 0202 0101 0201 0101
 POP08, 0202 0102 0101 0202 0101 0201 0101 0101 0202 0201 0202 0201 0201
 POP08, 0202 0202 0101 0202 0102 0202 0201 0101 0202 0201 0102 0201 0101
 POP08, 0202 0202 0101 0202 0102 0202 0101 0101 0202 0202 0202 0201 0101
 POP08, 0202 0101 0201 0202 0102 0202 0201 0101 0202 0202 0202 0101 0201
 POP08, 0202 0101 0101 0202 0101 0202 0101 0101 0202 0201 0101 0202 0201
 POP08, 0202 0102 0101 0202 0101 0202 0101 0102 0202 0201 0101 0202 0101
 POP08, 0202 0202 0101 0202 0102 0101 0201 0102 0202 0202 0102 0201 0201
 POP08, 0202 0102 0101 0202 0102 0201 0202 0102 0202 0202 0102 0101 0202
 POP08, 0202 0102 0101 0101 0202 0202 0201 0102 0201 0201 0202 0101 0201
 POP08, 0202 0102 0201 0202 0101 0101 0201 0102 0202 0201 0102 0201 0201
 POP08, 0202 0202 0201 0202 0101 0101 0202 0101 0202 0202 0101 0101 0101
 POP08, 0102 0202 0101 0202 0101 0201 0201 0101 0202 0101 0102 0202 0201
 POP08, 0202 0102 0101 0202 0102 0201 0101 0102 0202 0202 0202 0101 0101
 POP08, 0202 0102 0101 0202 0101 0101 0101 0101 0202 0201 0202 0201 0101
 POP08, 0202 0202 0101 0202 0101 0101 0101 0101 0202 0201 0202 0101 0101
 POP08, 0202 0202 0101 0202 0102 0202 0201 0202 0202 0202 0102 0101 0201
 POP08, 0202 0102 0101 0202 0102 0202 0101 0101 0202 0202 0202 0101 0101
 POP08, 0202 0102 0101 0202 0102 0201 0201 0101 0202 0201 0202 0101 0201
 POP08, 0202 0102 0101 0202 0202 0101 0201 0101 0202 0202 0202 0202 0101
 POP08, 0202 0102 0101 0202 0102 0202 0101 0101 0202 0201 0102 0201 0202
 POP08, 0202 0202 0101 0202 0102 0201 0101 0101 0201 0201 0102 0101 0201
 POP08, 0202 0102 0201 0202 0101 0202 0201 0102 0202 0202 0202 0101 0101
 POP08, 0102 0102 0101 0202 0101 0202 0101 0101 0202 0201 0202 0101 0101
 POP08, 0202 0202 0101 0202 0102 0201 0101 0101 0202 0101 0102 0202 0101
 POP08, 0202 0202 0201 0202 0102 0201 0201 0101 0202 0201 0202 0101 0101
 POP08, 0202 0202 0201 0202 0202 0201 0201 0102 0202 0202 0202 0202 0201
 POP08, 0202 0202 0101 0202 0202 0201 0101 0102 0202 0201 0202 0201 0201
 POP08, 0202 0102 0101 0102 0101 0201 0101 0102 0202 0101 0202 0202 0201
 POP08, 0202 0202 0101 0202 0101 0201 0202 0102 0202 0202 0101 0201 0101
 POP08, 0202 0202 0101 0202 0202 0201 0202 0101 0202 0201 0202 0201 0201
 POP08, 0202 0202 0101 0202 0102 0201 0201 0102 0202 0201 0202 0101 0101
 POP08, 0202 0202 0101 0202 0102 0101 0201 0101 0202 0201 0102 0201 0202
 POP08, 0202 0101 0201 0202 0102 0201 0201 0101 0202 0201 0202 0201 0101
 POP08, 0202 0202 0101 0202 0202 0101 0101 0102 0202 0201 0202 0202 0201
 POP08, 0202 0102 0201 0202 0101 0202 0201 0101 0202 0201 0202 0101 0201
 POP08, 0202 0102 0101 0202 0101 0101 0101 0102 0202 0201 0101 0101 0201
 POP08, 0102 0202 0201 0202 0102 0202 0201 0102 0202 0202 0202 0101 0202
 POP08, 0202 0202 0201 0202 0102 0201 0201 0102 0202 0202 0202 0101 0101
 POP08, 0202 0202 0201 0202 0102 0201 0201 0101 0202 0201 0102 0201 0101
 POP08, 0202 0102 0101 0202 0101 0202 0202 0102 0202 0101 0101 0202 0101
 POP08, 0202 0101 0101 0202 0102 0202 0101 0101 0202 0201 0102 0201 0101
 POP08, 0202 0102 0201 0202 0102 0201 0101 0101 0202 0201 0101 0202 0101
 POP08, 0202 0102 0201 0202 0102 0202 0101 0101 0201 0202 0102 0202 0201
 POP08, 0102 0102 0201 0202 0102 0202 0201 0101 0202 0202 0202 0101 0101
 POP08, 0202 0102 0101 0202 0101 0202 0201 0102 0202 0202 0202 0101 0201
 POP08, 0202 0102 0101 0202 0101 0202 0201 0101 0202 0201 0202 0202 0101
 POP08, 0202 0202 0101 0202 0102 0101 0201 0102 0202 0201 0202 0101 0101
 POP08, 0202 0101 0101 0202 0101 0201 0101 0102 0202 0202 0202 0202 0201
 POP08, 0202 0202 0101 0202 0102 0201 0201 0101 0202 0202 0102 0202 0202
 POP08, 0202 0102 0101 0202 0202 0202 0101 0101 0202 0201 0101 0201 0101
 POP08, 0202 0202 0201 0202 0202 0202 0201 0101 0202 0202 0101 0201 0201
 POP08, 0202 0102 0101 0202 0202 0101 0101 0101 0202 0201 0202 0101 0101
 POP08, 0202 0102 0201 0202 0102 0101 0201 0102 0202 0201 0202 0101 0201
 POP08, 0202 0202 0101 0202 0101 0101 0101 0102 0202 0202 0102 0101 0101
 POP08, 0202 0102 0201 0202 0102 0201 0000 0101 0202 0202 0202 0201 0201
Pop
 POP09, 0202 0102 0101 0202 0101 0101 0202 0202 0202 0202 0202 0201 0101
 POP09, 0202 0202 0101 0102 0202 0101 0201 0102 0202 0101 0101 0101 0201
 POP09, 0202 0102 0101 0202 0101 0201 0201 0102 0202 0202 0202 0202 0101
 POP09, 0202 0102 0101 0202 0101 0201 0201 0102 0202 0101 0202 0201 0201
 POP09, 0202 0102 0101 0202 0202 0101 0202 0101 0202 0101 0101 0101 0201
 POP09, 0202 0102 0101 0202 0102 0201 0202 0101 0202 0101 0202 0101 0101
 POP09, 0202 0102 0101 0202 0102 0202 0202 0101 0202 0201 0101 0201 0201
 POP09, 0202 0202 0201 0202 0202 0201 0202 0101 0202 0201 0202 0201 0101
 POP09, 0202 0202 0101 0202 0101 0202 0201 0101 0202 0202 0101 0101 0101
 POP09, 0202 0102 0101 0202 0102 0101 0202 0101 0202 0201 0202 0201 0202
 POP09, 0202 0102 0101 0202 0102 0101 0202 0101 0202 0101 0102 0202 0101
 POP09, 0202 0102 0101 0202 0202 0201 0201 0101 0202 0201 0102 0101 0101
 POP09, 0202 0102 0101 0202 0101 0101 0202 0102 0202 0201 0102 0202 0101
 POP09, 0202 0102 0101 0202 0102 0101 0201 0202 0202 0202 0101 0202 0101
 POP09, 0202 0202 0101 0202 0202 0101 0101 0101 0202 0201 0102 0101 0201
 POP09, 0202 0102 0101 0202 0202 0101 0201 0102 0202 0201 0202 0201 0201
 POP09, 0202 0202 0101 0202 0102 0101 0101 0101 0202 0201 0102 0201 0201
 POP09, 0202 0102 0101 0202 0102 0101 0202 0202 0202 0201 0202 0202 0101
 POP09, 0202 0202 0201 0202 0101 0201 0201 0101 0202 0201 0102 0201 0201
 POP09, 0202 0202 0101 0202 0102 0101 0101 0101 0202 0201 0202 0201 0101
 POP09, 0202 0102 0101 0202 0102 0101 0201 0101 0202 0202 0202 0101 0201
 POP09, 0202 0202 0101 0202 0202 0101 0201 0101 0202 0101 0101 0202 0201
 POP09, 0202 0102 0201 0202 0102 0201 0202 0102 0202 0202 0102 0201 0201
 POP09, 0202 0202 0201 0202 0102 0101 0201 0101 0202 0201 0202 0101 0101
 POP09, 0202 0202 0101 0202 0101 0101 0101 0101 0202 0202 0102 0101 0201
 POP09, 0202 0102 0201 0202 0202 0202 0201 0102 0202 0101 0101 0201 0202
 POP09, 0102 0102 0101 0202 0102 0101 0202 0101 0202 0201 0102 0202 0101
 POP09, 0202 0202 0101 0202 0102 0201 0202 0102 0201 0201 0102 0201 0101
 POP09, 0202 0202 0101 0202 0102 0101 0201 0101 0202 0201 0102 0201 0101
 POP09, 0202 0102 0101 0202 0102 0201 0101 0101 0202 0201 0202 0201 0101
 POP09, 0202 0102 0101 0202 0102 0201 0201 0102 0202 0201 0202 0101 0201
 POP09, 0202 0102 0101 0202 0101 0201 0201 0101 0202 0201 0102 0201 0202
 POP09, 0202 0101 0101 0202 0102 0101 0201 0102 0202 0201 0202 0202 0101
 POP09, 0202 0202 0101 0202 0202 0201 0202 0101 0202 0202 0102 0101 0201
 POP09, 0202 0102 0101 0202 0102 0101 0202 0101 0202 0101 0202 0101 0201
 POP09, 0202 0102 0101 0202 0101 0201 0201 0101 0202 0101 0102 0201 0101
 POP09, 0202 0202 0101 0202 0102 0101 0201 0101 0202 0201 0000 0201 0201
 POP09, 0202 0101 0101 0202 0102 0202 0201 0101 0202 0202 0102 0201 0101
 POP09, 0202 0202 0101 0202 0101 0000 0202 0102 0202 0201 0101 0101 0101
 POP09, 0202 0202 0201 0202 0101 0101 0202 0101 0202 0201 0102 0101 0201
 POP09, 0202 0102 0101 0202 0101 0202 0202 0101 0202 0101 0101 0201 0101
 POP09, 0202 0202 0101 0202 0202 0000 0201 0101 0202 0202 0202 0201 0201
 POP09, 0202 0102 0201 0202 0101 0101 0202 0102 0202 0101 0202 0201 0101
 POP09, 0202 0102 0101 0202 0102 0101 0202 0102 0202 0201 0202 0201 0201
 POP09, 0202 0101 0101 0102 0102 0201 0201 0202 0202 0202 0102 0201 0201
 POP09, 0202 0202 0101 0202 0202 0201 0202 0101 0202 0101 0101 0202 0101
 POP09, 0202 0102 0101 0202 0202 0201 0202 0101 0202 0202 0202 0201 0101
 POP09, 0202 0202 0101 0202 0202 0101 0202 0101 0202 0202 0102 0201 0201
 POP09, 0102 0102 0101 0202 0101 0101 0202 0101 0202 0202 0102 0101 0201
 POP09, 0202 0102 0101 0202 0101 0202 0202 0101 0202 0201 0101 0201 0202
 POP09, 0202 0202 0101 0102 0101 0201 0202 0101 0202 0201 0202 0201 0101
 POP09, 0102 0202 0101 0202 0102 0101 0202 0101 0202 0201 0202 0101 0201
 POP09, 0202 0202 0101 0202 0102 0101 0201 0101 0202 0202 0102 0101 0101
 POP09, 0202 0101 0101 0202 0102 0201 0201 0101 0202 0201 0202 0201 0101
 POP09, 0202 0202 0101 0202 0102 0201 0101 0102 0202 0201 0102 0101 0201
 POP09, 0202 0102 0101 0202 0101 0202 0201 0102 0202 0202 0202 0101 0101
 POP09, 0202 0102 0101 0202 0202 0202 0202 0101 0202 0201 0101 0202 0201
 POP09, 0202 0102 0101 0102 0102 0202 0201 0101 0202 0201 0202 0201 0101
 POP09, 0202 0102 0101 0202 0102 0101 0202 0101 0202 0101 0202 0201 0101
 POP09, 0202 0102 0101 0202 0101 0202 0101 0102 0202 0202 0102 0101 0201
 POP09, 0202 0102 0101 0202 0202 0101 0202 0101 0202 0202 0202 0201 0101
 POP09, 0202 0102 0101 0202 0202 0101 0202 0101 0201 0202 0101 0201 0101
 POP09, 0202 0102 0101 0102 0101 0101 0202 0102 0202 0201 0202 0201 0101
 POP09, 0102 0102 0201 0202 0102 0101 0101 0101 0202 0201 0202 0201 0201
 POP09, 0102 0202 0101 0202 0101 0201 0201 0101 0202 0101 0202 0101 0101
 POP09, 0102 0102 0101 0202 0102 0101 0202 0101 0202 0201 0102 0101 0101
 POP09, 0202 0102 0101 0202 0202 0101 0202 0101 0202 0201 0202 0202 0201
 POP09, 0202 0102 0101 0202 0102 0201 0201 0102 0202 0202 0101 0202 0101
 POP09, 0202 0102 0101 0202 0102 0101 0202 0101 0202 0202 0202 0201 0201
 POP09, 0202 0102 0101 0202 0102 0101 0201 0102 0202 0101 0202 0202 0101
 POP09, 0202 0101 0101 0202 0102 0202 0201 0101 0202 0201 0202 0202 0101
 POP09, 0202 0102 0201 0202 0102 0101 0202 0101 0202 0201 0202 0201 0201
 POP09, 0202 0102 0101 0202 0102 0101 0202 0101 0202 0201 0102 0101 0201
 POP09, 0202 0102 0201 0102 0101 0101 0202 0101 0202 0201 0202 0101 0201
 POP09, 0202 0102 0201 0202 0102 0101 0201 0101 0202 0201 0102 0201 0101
 POP09, 0202 0102 0201 0202 0102 0201 0201 0101 0202 0201 0202 0201 0101
 POP09, 0202 0202 0201 0202 0102 0101 0101 0101 0202 0201 0102 0201 0101
 POP09, 0202 0202 0101 0202 0102 0202 0201 0102 0202 0101 0202 0101 0201
 POP09, 0202 0202 0101 0202 0101 0201 0101 0102 0202 0201 0102 0101 0201
 POP09, 0202 0102 0101 0202 0102 0201 0101 0101 0202 0202 0102 0101 0101
 POP09, 0202 0102 0101 0202 0202 0101 0201 0101 0202 0201 0102 0101 0101
 POP09, 0202 0202 0101 0202 0102 0201 0101 0102 0202 0201 0102 0201 0101
 POP09, 0202 0102 0201 0202 0202 0101 0101 0101 0202 0202 0202 0201 0101
 POP09, 0202 0102 0201 0202 0102 0101 0202 0101 0202 0201 0202 0201 0201
 POP09, 0202 0202 0101 0202 0102 0202 0201 0101 0202 0202 0202 0101 0201
 POP09, 0202 0102 0101 0202 0202 0101 0202 0101 0202 0201 0202 0201 0201
 POP09, 0202 0102 0101 0202 0102 0101 0201 0101 0202 0201 0101 0201 0101
 POP09, 0202 0101 0101 0202 0102 0101 0201 0101 0202 0201 0101 0101 0202
 POP09, 0202 0101 0101 0202 0102 0101 0201 0101 0202 0201 0102 0101 0202
 POP09, 0202 0202 0101 0202 0102 0101 0201 0101 0202 0202 0101 0202 0101
 POP09, 0202 0102 0101 0202 0202 0201 0202 0101 0202 0202 0101 0201 0101
 POP09, 0202 0102 0101 0202 0202 0201 0202 0101 0202 0201 0102 0201 0201
Pop
 POP11, 0202 0102 0101 0202 0101 0201 0101 0102 0202 0101 0202 0101 0101
 POP11, 0202 0102 0101 0202 0102 0101 0201 0101 0201 0202 0202 0201 0202
 POP11, 0202 0102 0101 0202 0102 0101 0101 0101 0202 0202 0202 0101 0201
 POP11, 0202 0202 0101 0202 0101 0201 0101 0101 0202 0201 0202 0101 0101
 POP11, 0202 0102 0101 0202 0102 0202 0201 0101 0202 0201 0202 0201 0101
 POP11, 0202 0202 0101 0202 0101 0201 0201 0101 0202 0201 0101 0201 0101
 POP11, 0202 0102 0202 0202 0101 0101 0201 0101 0202 0101 0102 0101 0201
 POP11, 0202 0202 0101 0202 0102 0202 0201 0101 0202 0201 0202 0201 0201
 POP11, 0202 0102 0201 0202 0101 0101 0202 0101 0202 0101 0102 0101 0201
 POP11, 0202 0102 0201 0202 0101 0101 0101 0101 0202 0201 0102 0101 0101
 POP11, 0202 0102 0101 0202 0202 0101 0202 0101 0202 0202 0101 0201 0201
 POP11, 0202 0102 0101 0202 0202 0101 0202 0102 0202 0202 0102 0101 0201
 POP11, 0202 0102 0201 0202 0102 0101 0101 0101 0202 0202 0102 0202 0101
 POP11, 0202 0202 0101 0202 0102 0101 0202 0202 0202 0201 0202 0201 0201
 POP11, 0202 0101 0101 0202 0102 0201 0101 0101 0202 0201 0102 0201 0101
 POP11, 0202 0202 0101 0202 0102 0201 0201 0101 0202 0201 0102 0101 0101
 POP11, 0202 0102 0201 0202 0102 0201 0101 0101 0202 0201 0202 0201 0201
 POP11, 0202 0102 0101 0202 0102 0201 0201 0102 0202 0202 0102 0201 0101
 POP11, 0202 0102 0101 0202 0202 0101 0201 0202 0202 0202 0101 0101 0101
 POP11, 0202 0102 0201 0202 0101 0201 0201 0202 0202 0201 0101 0101 0101
 POP11, 0202 0102 0101 0202 0102 0201 0202 0101 0202 0201 0202 0101 0101
 POP11, 0202 0202 0201 0202 0102 0201 0201 0102 0202 0202 0202 0202 0101
 POP11, 0202 0102 0101 0202 0102 0101 0201 0101 0202 0201 0202 0201 0201
 POP11, 0202 0102 0101 0202 0102 0201 0202 0101 0202 0201 0202 0201 0201
 POP11, 0202 0102 0101 0202 0102 0101 0201 0101 0201 0201 0101 0201 0201
 POP11, 0202 0202 0101 0102 0101 0101 0201 0101 0202 0202 0202 0201 0101
 POP11, 0202 0202 0101 0202 0101 0201 0201 0101 0202 0201 0102 0202 0101
 POP11, 0202 0102 0101 0202 0202 0101 0101 0101 0202 0201 0202 0101 0101
 POP11, 0202 0102 0101 0202 0102 0202 0201 0101 0202 0202 0202 0101 0101
 POP11, 0202 0202 0101 0202 0102 0201 0201 0101 0202 0101 0101 0101 0101
 POP11, 0202 0202 0101 0202 0101 0101 0201 0102 0202 0202 0101 0201 0101
 POP11, 0202 0202 0101 0202 0202 0101 0201 0101 0202 0201 0000 0202 0201
 POP11, 0202 0202 0101 0202 0101 0201 0201 0101 0202 0201 0101 0201 0101
 POP11, 0202 0102 0101 0202 0102 0101 0201 0101 0202 0201 0202 0201 0101
 POP11, 0202 0202 0202 0202 0101 0101 0101 0101 0202 0201 0102 0101 0101
 POP11, 0202 0102 0101 0202 0102 0101 0202 0102 0202 0101 0202 0101 0201
 POP11, 0202 0202 0101 0202 0102 0201 0101 0101 0202 0201 0102 0201 0201
 POP11, 0202 0202 0101 0202 0102 0101 0201 0101 0202 0201 0101 0101 0201
 POP11, 0202 0102 0101 0202 0101 0101 0201 0101 0202 0201 0101 0101 0101
 POP11, 0202 0101 0101 0202 0102 0101 0201 0101 0202 0202 0102 0201 0101
 POP11, 0202 0202 0101 0202 0202 0101 0101 0101 0202 0202 0202 0201 0101
 POP11, 0202 0202 0101 0202 0102 0201 0101 0101 0202 0201 0202 0201 0201
 POP11, 0202 0102 0101 0202 0202 0101 0201 0102 0202 0202 0102 0202 0201
Pop
 POP16, 0202 0102 0101 0202 0102 0101 0201 0101 0202 0201 0202 0101 0202
 POP16, 0202 0102 0101 0202 0101 0101 0201 0101 0202 0202 0202 0101 0101
 POP16, 0202 0101 0101 0202 0102 0201 0201 0101 0202 0201 0202 0201 0101
 POP16, 0202 0202 0201 0202 0102 0202 0202 0101 0201 0202 0101 0201 0101
 POP16, 0202 0202 0101 0202 0101 0101 0202 0101 0202 0201 0102 0101 0101
 POP16, 0202 0102 0101 0202 0102 0101 0202 0202 0202 0201 0202 0101 0201
 POP16, 0202 0202 0201 0202 0102 0101 0201 0101 0201 0201 0202 0201 0101
 POP16, 0202 0202 0201 0202 0202 0201 0201 0101 0202 0201 0202 0201 0101
 POP16, 0202 0102 0201 0202 0202 0201 0101 0202 0202 0201 0202 0101 0101
 POP16, 0202 0202 0101 0202 0102 0201 0202 0102 0202 0201 0102 0201 0201
 POP16, 0202 0102 0101 0202 0102 0101 0101 0102 0202 0201 0202 0201 0201
 POP16, 0202 0102 0101 0102 0101 0101 0101 0102 0202 0101 0102 0201 0101
 POP16, 0202 0202 0201 0202 0102 0201 0202 0101 0202 0202 0202 0202 0201
 POP16, 0202 0202 0101 0102 0101 0101 0201 0101 0202 0202 0202 0202 0101
 POP16, 0202 0202 0101 0202 0102 0201 0201 0101 0202 0201 0202 0101 0101
 POP16, 0202 0202 0101 0202 0101 0101 0201 0101 0202 0201 0102 0101 0201
 POP16, 0202 0101 0101 0202 0101 0101 0101 0101 0202 0101 0102 0202 0201
 POP16, 0202 0101 0101 0202 0102 0201 0202 0102 0202 0201 0102 0201 0101
 POP16, 0202 0202 0101 0202 0000 0101 0202 0202 0202 0201 0102 0202 0101
 POP16, 0202 0102 0101 0202 0102 0202 0101 0101 0202 0201 0102 0201 0101
 POP16, 0202 0101 0201 0202 0202 0201 0202 0101 0201 0101 0202 0201 0201
 POP16, 0202 0202 0101 0202 0102 0101 0202 0101 0202 0202 0102 0101 0201
 POP16, 0202 0202 0201 0202 0102 0101 0101 0101 0202 0101 0202 0101 0201
 POP16, 0202 0202 0101 0000 0102 0101 0202 0102 0202 0201 0101 0201 0101
 POP16, 0202 0102 0101 0202 0102 0101 0202 0101 0202 0202 0202 0202 0201
 POP16, 0102 0202 0101 0102 0202 0101 0202 0101 0202 0202 0202 0101 0101
 POP16, 0202 0101 0101 0202 0101 0101 0201 0101 0202 0202 0202 0202 0101
 POP16, 0202 0102 0101 0202 0101 0101 0201 0101 0202 0201 0202 0202 0101
Pop
 POP17, 0202 0102 0101 0202 0202 0202 0101 0102 0202 0201 0202 0201 0201
 POP17, 0102 0102 0101 0202 0102 0101 0202 0202 0202 0202 0202 0101 0101
 POP17, 0202 0202 0101 0102 0102 0201 0201 0101 0202 0201 0202 0101 0101
 POP17, 0202 0202 0101 0102 0101 0201 0201 0101 0202 0202 0202 0101 0101
 POP17, 0202 0101 0101 0202 0102 0201 0101 0102 0202 0201 0202 0201 0101
 POP17, 0202 0202 0201 0202 0102 0201 0201 0102 0202 0202 0202 0201 0201
 POP17, 0102 0102 0101 0202 0102 0101 0101 0102 0202 0201 0202 0202 0201
 POP17, 0202 0202 0101 0202 0101 0101 0202 0101 0201 0202 0202 0101 0101
 POP17, 0202 0202 0101 0202 0101 0201 0201 0101 0202 0201 0102 0201 0201
 POP17, 0202 0202 0101 0202 0202 0201 0202 0102 0202 0202 0202 0201 0202
 POP17, 0202 0102 0101 0202 0101 0202 0201 0102 0202 0202 0102 0201 0201
 POP17, 0202 0102 0101 0202 0101 0101 0202 0102 0202 0202 0102 0202 0101
 POP17, 0102 0202 0101 0202 0102 0101 0201 0102 0202 0101 0101 0201 0101
 POP17, 0202 0202 0101 0102 0101 0201 0202 0202 0202 0202 0202 0202 0201
 POP17, 0202 0102 0101 0202 0202 0202 0101 0101 0202 0201 0202 0101 0101
 POP17, 0202 0102 0101 0202 0101 0201 0202 0101 0202 0201 0202 0201 0101
 POP17, 0202 0101 0201 0102 0102 0101 0202 0101 0202 0201 0102 0201 0201
 POP17, 0202 0202 0101 0102 0102 0201 0201 0101 0202 0202 0202 0202 0201
 POP17, 0202 0101 0101 0202 0101 0101 0201 0102 0202 0202 0202 0101 0101
 POP17, 0202 0202 0101 0202 0101 0201 0201 0102 0202 0202 0102 0101 0101
 POP17, 0202 0202 0101 0202 0101 0201 0101 0101 0202 0201 0202 0202 0101
 POP17, 0102 0202 0101 0102 0102 0201 0201 0101 0201 0201 0102 0201 0201
 POP17, 0000 0101 0101 0202 0202 0000 0202 0102 0202 0202 0202 0101 0101
 POP17, 0202 0102 0202 0202 0102 0101 0101 0101 0201 0201 0202 0101 0101
 POP17, 0202 0102 0101 0202 0101 0101 0202 0102 0201 0101 0202 0101 0101
 POP17, 0202 0202 0101 0102 0101 0201 0101 0102 0201 0101 0102 0201 0201
 POP17, 0202 0102 0201 0101 0101 0101 0201 0101 0202 0201 0102 0201 0101
 POP17, 0202 0202 0101 0202 0102 0101 0201 0101 0202 0202 0202 0201 0101
 POP17, 0202 0102 0101 0202 0102 0201 0101 0102 0202 0202 0102 0202 0101
 POP17, 0202 0102 0101 0202 0202 0201 0201 0101 0201 0201 0202 0101 0101
 POP17, 0202 0202 0101 0202 0102 0202 0201 0101 0202 0201 0202 0101 0101
 POP17, 0202 0102 0101 0202 0202 0101 0201 0101 0202 0201 0202 0201 0101
 POP17, 0202 0202 0101 0202 0101 0202 0201 0101 0202 0201 0202 0201 0101
 POP17, 0202 0101 0101 0202 0101 0101 0201 0101 0202 0202 0102 0201 0101
 POP17, 0202 0202 0101 0202 0202 0101 0201 0101 0202 0201 0202 0202 0101
 POP17, 0102 0202 0201 0202 0202 0202 0201 0101 0202 0202 0102 0101 0101
 POP17, 0202 0202 0101 0202 0102 0201 0201 0101 0202 0202 0202 0202 0202
 POP17, 0202 0202 0201 0202 0102 0201 0201 0101 0201 0202 0202 0201 0201
 POP17, 0202 0102 0101 0202 0102 0201 0201 0101 0202 0201 0202 0201 0201
 POP17, 0202 0102 0101 0202 0102 0201 0101 0102 0202 0202 0202 0101 0101
 POP17, 0202 0101 0101 0202 0101 0101 0201 0101 0202 0201 0202 0101 0201
 POP17, 0102 0202 0201 0202 0102 0101 0201 0102 0201 0201 0102 0101 0101
 POP17, 0202 0202 0101 0202 0102 0201 0202 0101 0202 0201 0202 0202 0101
 POP17, 0202 0101 0201 0202 0101 0201 0201 0101 0202 0202 0202 0101 0101
 POP17, 0102 0101 0101 0102 0102 0101 0201 0101 0202 0101 0202 0201 0101
 POP17, 0202 0202 0101 0202 0102 0202 0201 0102 0202 0201 0102 0201 0101
 POP17, 0202 0102 0201 0202 0202 0201 0201 0101 0202 0201 0202 0201 0101
 POP17, 0202 0202 0101 0101 0102 0201 0101 0101 0202 0201 0202 0101 0201
 POP17, 0202 0102 0201 0202 0101 0201 0201 0101 0202 0202 0202 0101 0101
 POP17, 0102 0202 0201 0202 0101 0201 0202 0102 0201 0201 0202 0101 0101
 POP17, 0202 0202 0101 0202 0202 0101 0202 0101 0201 0202 0202 0101 0101
 POP17, 0202 0102 0201 0202 0102 0101 0101 0102 0202 0201 0102 0101 0101
Pop
 POP18, 0202 0202 0101 0202 0102 0202 0201 0102 0202 0201 0102 0201 0101
 POP18, 0202 0202 0101 0202 0102 0201 0201 0101 0202 0201 0202 0101 0101
 POP18, 0202 0102 0101 0202 0202 0201 0101 0102 0202 0201 0202 0101 0101
 POP18, 0202 0102 0101 0202 0101 0202 0202 0102 0202 0202 0202 0101 0101
 POP18, 0202 0102 0201 0202 0101 0101 0201 0101 0202 0202 0102 0201 0101
 POP18, 0202 0202 0101 0202 0102 0101 0201 0101 0202 0101 0101 0101 0201
 POP18, 0202 0202 0101 0202 0102 0202 0201 0101 0202 0201 0102 0201 0201
 POP18, 0202 0102 0101 0202 0101 0202 0202 0101 0202 0202 0202 0201 0201
 POP18, 0202 0102 0201 0202 0202 0101 0101 0101 0201 0202 0202 0201 0101
 POP18, 0202 0202 0101 0202 0102 0101 0201 0101 0202 0202 0102 0101 0101
 POP18, 0202 0102 0201 0202 0102 0101 0201 0102 0202 0201 0102 0201 0101
 POP18, 0202 0102 0101 0202 0101 0201 0201 0102 0202 0101 0202 0101 0201
 POP18, 0000 0102 0101 0202 0102 0101 0101 0102 0202 0202 0101 0101 0201
 POP18, 0202 0202 0101 0202 0202 0101 0202 0101 0202 0201 0202 0101 0101
 POP18, 0202 0202 0201 0202 0101 0201 0202 0101 0201 0202 0202 0201 0101
 POP18, 0202 0202 0101 0202 0202 0101 0201 0101 0201 0202 0202 0101 0101
 POP18, 0202 0102 0201 0202 0202 0201 0201 0101 0202 0202 0102 0101 0202
 POP18, 0202 0202 0101 0202 0102 0101 0202 0101 0202 0202 0202 0101 0101
 POP18, 0202 0102 0201 0202 0101 0201 0201 0202 0202 0201 0202 0202 0101
 POP18, 0202 0202 0101 0202 0101 0101 0202 0101 0202 0202 0202 0101 0201
 POP18, 0202 0102 0101 0202 0202 0101 0201 0101 0202 0201 0102 0101 0101
 POP18, 0202 0102 0101 0202 0101 0101 0202 0101 0202 0201 0202 0201 0101
 POP18, 0202 0101 0101 0202 0101 0201 0101 0102 0202 0101 0202 0101 0201
 POP18, 0202 0102 0101 0202 0102 0101 0201 0101 0202 0202 0101 0201 0101
 POP18, 0202 0202 0201 0202 0102 0201 0201 0101 0202 0201 0202 0201 0101
 POP18, 0202 0202 0101 0202 0102 0101 0202 0102 0202 0202 0202 0101 0201
 POP18, 0202 0102 0101 0202 0202 0101 0201 0102 0202 0101 0102 0101 0101
 POP18, 0202 0102 0101 0202 0101 0202 0201 0101 0202 0201 0202 0101 0101
 POP18, 0202 0202 0101 0202 0101 0201 0202 0101 0202 0201 0202 0201 0201
 POP18, 0102 0102 0101 0202 0202 0202 0201 0101 0201 0201 0102 0201 0201
 POP18, 0102 0202 0101 0202 0102 0201 0202 0101 0202 0201 0102 0201 0201
 POP18, 0202 0102 0202 0202 0202 0201 0202 0101 0202 0202 0102 0101 0101
 POP18, 0202 0102 0101 0202 0102 0201 0202 0102 0201 0202 0102 0101 0201
 POP18, 0000 0202 0101 0102 0101 0201 0201 0101 0202 0000 0102 0101 0201
 POP18, 0202 0102 0202 0202 0102 0202 0202 0102 0202 0101 0101 0201 0202
Pop
 POP29, 0202 0202 0201 0202 0102 0201 0202 0101 0202 0202 0202 0202 0201
 POP29, 0202 0202 0101 0202 0101 0101 0201 0102 0202 0201 0101 0101 0201
 POP29, 0202 0202 0101 0202 0202 0201 0201 0102 0202 0201 0202 0101 0101
 POP29, 0202 0102 0201 0202 0202 0101 0201 0102 0202 0202 0102 0101 0101
 POP29, 0202 0102 0101 0202 0101 0101 0101 0101 0202 0201 0102 0201 0201
 POP29, 0202 0102 0101 0202 0101 0201 0201 0101 0202 0202 0202 0202 0101
 POP29, 0202 0102 0201 0102 0102 0000 0202 0101 0202 0202 0202 0201 0202
 POP29, 0202 0202 0101 0202 0101 0101 0201 0102 0202 0101 0102 0101 0101
 POP29, 0202 0102 0101 0202 0102 0201 0201 0101 0202 0201 0102 0201 0101
 POP29, 0202 0101 0101 0202 0102 0201 0201 0101 0202 0202 0202 0000 0201
 POP29, 0102 0102 0202 0202 0101 0201 0202 0101 0202 0201 0102 0201 0101
 POP29, 0202 0202 0101 0202 0101 0201 0201 0101 0202 0201 0202 0101 0201
 POP29, 0202 0202 0101 0102 0101 0201 0101 0101 0201 0201 0000 0202 0101
 POP29, 0202 0202 0101 0202 0101 0201 0201 0101 0202 0201 0101 0202 0201
 POP29, 0202 0202 0101 0202 0102 0201 0201 0101 0202 0201 0202 0101 0101
 POP29, 0202 0102 0101 0202 0102 0101 0101 0101 0202 0201 0102 0101 0201
 POP29, 0202 0202 0101 0202 0101 0101 0202 0101 0202 0201 0202 0201 0201
 POP29, 0202 0102 0101 0202 0202 0101 0201 0101 0202 0202 0202 0201 0101
 POP29, 0202 0102 0101 0202 0101 0201 0202 0102 0202 0202 0102 0101 0101
 POP29, 0202 0202 0101 0202 0102 0201 0101 0101 0202 0202 0102 0201 0201
 POP29, 0202 0202 0101 0202 0101 0101 0201 0101 0202 0201 0202 0101 0101
 POP29, 0102 0102 0201 0202 0102 0201 0201 0101 0202 0202 0102 0202 0201
 POP29, 0202 0202 0101 0202 0101 0201 0202 0101 0202 0201 0102 0101 0201
 POP29, 0102 0102 0101 0202 0102 0101 0202 0101 0202 0201 0202 0201 0202
 POP29, 0202 0202 0201 0202 0102 0201 0201 0102 0202 0202 0202 0201 0101
 POP29, 0202 0102 0101 0102 0202 0201 0201 0101 0202 0201 0202 0101 0101
 POP29, 0202 0102 0201 0202 0102 0201 0201 0102 0202 0202 0202 0202 0101
 POP29, 0202 0101 0201 0202 0102 0201 0201 0101 0202 0202 0202 0101 0101
 POP29, 0202 0202 0101 0202 0102 0201 0101 0102 0202 0202 0202 0101 0101
 POP29, 0202 0202 0101 0202 0102 0201 0101 0101 0202 0201 0102 0201 0101
 POP29, 0202 0202 0101 0202 0102 0101 0202 0101 0202 0202 0102 0101 0201
 POP29, 0202 0202 0101 0202 0102 0202 0201 0101 0202 0202 0202 0201 0101
 POP29, 0102 0102 0101 0202 0102 0101 0202 0101 0202 0101 0102 0201 0101
 POP29, 0202 0202 0201 0202 0202 0101 0201 0102 0202 0202 0202 0201 0101
 POP29, 0202 0202 0101 0202 0202 0101 0101 0101 0202 0202 0202 0101 0101
 POP29, 0202 0102 0201 0202 0102 0201 0101 0101 0202 0202 0202 0101 0101
 POP29, 0202 0202 0201 0202 0102 0101 0202 0101 0202 0201 0102 0101 0201
 POP29, 0202 0102 0101 0102 0202 0201 0201 0101 0202 0202 0202 0101 0101
 POP29, 0202 0202 0101 0202 0202 0101 0201 0102 0202 0201 0202 0201 0101
 POP29, 0202 0202 0101 0202 0101 0000 0101 0101 0202 0201 0102 0201 0101
 POP29, 0202 0102 0201 0000 0102 0201 0201 0101 0202 0201 0202 0201 0101
 POP29, 0202 0202 0101 0000 0101 0101 0202 0101 0202 0201 0202 0101 0101
 POP29, 0202 0202 0101 0202 0202 0101 0202 0101 0202 0201 0101 0000 0101
 POP29, 0202 0102 0201 0202 0102 0201 0201 0101 0202 0202 0102 0202 0101
 POP29, 0202 0202 0101 0202 0101 0201 0101 0101 0202 0202 0102 0101 0201
