[loci]=13

[populations]=10

[pop]=1
 1	188	2	4 184 
 2	188	2	66 122 
 3	188	2	160 28 
 4	188	2	7 181 
 5	188	2	123 65 
 6	188	2	131 57 
 7	188	2	103 85 
 8	188	2	154 34 
 9	188	2	3 185 
 10	188	2	78 110 
 11	188	2	32 156 
 12	188	2	122 66 
 13	188	2	153 35 

[pop]=2
 1	188	2	1 187 
 2	188	2	46 142 
 3	188	2	163 25 
 4	184	2	5 179 
 5	184	2	119 65 
 6	186	2	138 48 
 7	188	2	100 88 
 8	188	2	139 49 
 9	188	2	2 186 
 10	188	2	90 98 
 11	188	2	61 127 
 12	188	2	124 64 
 13	188	2	138 50 

[pop]=3
 1	154	2	7 147 
 2	154	2	49 105 
 3	154	2	124 30 
 4	154	2	12 142 
 5	154	2	63 91 
 6	154	2	113 41 
 7	154	2	74 80 
 8	154	2	129 25 
 9	154	2	6 148 
 10	154	2	52 102 
 11	154	2	65 89 
 12	152	2	92 60 
 13	154	2	131 23 

[pop]=4
 1	188	2	6 182 
 2	188	2	62 126 
 3	188	2	161 27 
 4	186	2	7 179 
 5	188	2	101 87 
 6	188	2	75 113 
 7	186	2	118 68 
 8	188	2	151 37 
 9	188	2	4 184 
 10	188	2	67 121 
 11	188	2	51 137 
 12	188	2	109 79 
 13	188	2	137 51 

[pop]=5
 1	184	2	6 178 
 2	184	2	69 115 
 3	184	2	169 15 
 4	184	2	6 178 
 5	184	2	92 92 
 6	180	2	127 53 
 7	184	2	64 120 
 8	184	2	154 30 
 9	184	2	2 182 
 10	184	2	82 102 
 11	182	2	68 114 
 12	184	2	108 76 
 13	184	2	134 50 

[pop]=6
 1	86	2	0 86 
 2	86	2	28 58 
 3	86	2	76 10 
 4	86	2	1 85 
 5	86	2	49 37 
 6	86	2	64 22 
 7	86	2	48 38 
 8	86	2	73 13 
 9	86	2	2 84 
 10	86	2	34 52 
 11	84	2	33 51 
 12	86	2	56 30 
 13	86	2	67 19 

[pop]=7
 1	56	2	1 55 
 2	56	2	19 37 
 3	56	2	49 7 
 4	54	2	3 51 
 5	54	2	31 23 
 6	56	2	44 12 
 7	56	2	22 34 
 8	56	2	45 11 
 9	56	2	3 53 
 10	56	2	24 32 
 11	56	2	13 43 
 12	56	2	31 25 
 13	56	2	44 12 

[pop]=8
 1	102	2	8 94 
 2	104	2	34 70 
 3	104	2	91 13 
 4	104	2	12 92 
 5	104	2	61 43 
 6	102	2	63 39 
 7	104	2	51 53 
 8	104	2	81 23 
 9	104	2	10 94 
 10	104	2	34 70 
 11	104	2	16 88 
 12	104	2	65 39 
 13	104	2	86 18 

[pop]=9
 1	66	2	2 64 
 2	70	2	21 49 
 3	70	2	59 11 
 4	70	2	1 69 
 5	70	2	38 32 
 6	70	2	43 27 
 7	70	2	26 44 
 8	70	2	57 13 
 9	70	2	5 65 
 10	68	2	24 44 
 11	70	2	21 49 
 12	70	2	54 16 
 13	70	2	53 17 

[pop]=10
 1	90	2	4 86 
 2	90	2	22 68 
 3	90	2	76 14 
 4	86	2	4 82 
 5	90	2	51 39 
 6	86	2	59 27 
 7	90	2	43 47 
 8	90	2	80 10 
 9	90	2	1 89 
 10	90	2	26 64 
 11	88	2	23 65 
 12	86	2	56 30 
 13	90	2	72 18 


