Etheostoma boschungi microsatellite DNA data
Eca10
Eca46
Eca48
EosC6
EosD107
Esc26b
Esc120
POP
           TBC1 , 276276 240240 203211 246250 188188 189197 191191 
           TBC2 , 276276 240240 211231 246250 188188 189189 183195 
           TBC3 , 268276 240240 211211 246246 188188 189189 191191 
           TBC4 , 276276 240240 199211 246246 188192 189197 191191 
           TBC5 , 256276 240248 211211 246250 188188 189189 191195 
           TBC6 , 276276 240248 211211 246246 188188 189189 183195 
           TBC7 , 256276 240240 231231 250250 188188 197197 191191 
           TBC8 , 256276 240272 211211 246250 188188 189193 195195 
           TBC9 , 256276 240272 203231 246250 188188 189189 191195 
          TBC10 , 256276 240272 211231 246250 188188 189189 183195 
          TBC11 , 276276 240240 211211 246250 188188 189197 191191 
          TBC12 , 276276 240240 203207 246250 188188 189197 195195 
          TBC13 , 252276 236240 211211 246250 188188 189197 195195 
          TBC14 , 276276 240272 211211 246246 188188 189189 183191 
          TBC15 , 256276 240272 211211 246246 188188 189193 195195 
          TBC16 , 276276 240240 211231 246250 188188 189197 187195 
          TBC17 , 256276 240248 211211 246246 188188 189197 183195 
          TBC18 , 276276 240248 211231 246250 188188 189197 191195 
          TBC19 , 276276 236240 203211 246250 188188 189193 187191 
          TBC20 , 276276 240240 211211 246250 188188 193197 195195 
          TBC21 , 268276 240240 199203 246246 188188 189189 183195 
          TBC22 , 276276 236240 199211 246246 188192 189193 191191 
          TBC23 , 276276 240272 199211 246246 188188 189197 191191 
          TBC24 , 256276 236272 211231 246246 188188 189193 195195 
          TBC25 , 268276 240240 203211 246246 188188 189189 183195 
          TBC26 , 256276 240240 199231 246246 188188 189197 191191 
          TBC27 , 276276 240272 199203 246246 188188 189197 195195 
          TBC28 , 276276 236240 211231 246250 188188 189197 183187 
          TBC29 , 276276 236240 203207 246250 188188 189189 183191 
          TBC30 , 256276 240240 203211 246250 188188 189189 191191 
          TBC31 , 276276 236240 211231 246250 188188 189197 191195 
POP
           TMC1 , 268272 236236 203219 250250 188188 193193 179179 
           TMC2 , 268268 228248 199219 250250 188188 181193 183191 
           TMC3 , 256256 228256 203219 250250 188188 181189 183183 
           TMC4 , 268268 240256 203203 250250 188188 181185 183191 
           TMC5 , 268272 228232 191219 246250 188188 193197 183183 
           TMC6 , 256268 240256 199219 250250 188188 181181 183187 
           TMC7 , 268268 256264 199219 250250 188204 185197 183191 
           TMC8 , 268268 248264 191207 250250 188188 193197 183199 
           TMC9 , 256268 248264 191203 250250 188188 189197 183203 
          TMC10 , 256268 248256 191203 250250 188188 189193 187191 
          TMC11 , 256268 228256 199219 246250 188188 181189 179183 
          TMC50 , 268268 240256 191191 250250 188188 193197 183183 
          TMC51 , 256268 240256 219219 250250 188188 181181 183183 
          TMC52 , 260268 232256 199219 250250 188188 181185 179183 
          TMC53 , 268268 256256 219219 250250 188188 193213 191191 
          TMC54 , 268268 256256 191191 250250 188188 193197 187191 
          TMC55 , 260268 240256 199203 250250 188188 181189 187191 
          TMC56 , 268268 256264 203219 250250 188188 181189 179191 
          TMC57 , 268268 236248 203219 250250 188188 189193 187191 
          TMC58 , 256268 240248 199207 250250 188188 189193 183199 
          TMC59 , 268268 240256 203219 250250 188188 193193 183199 
          TMC60 , 268268 232240 203203 250250 204204 193193 183191 
          TMC61 , 268268 228264 199203 250250 188188 197197 179191 
          TMC62 , 256268 256264 191219 250250 188188 189193 183183 
          TMC63 , 260268 232256 199203 246250 188204 181189 191203 
          TMC64 , 268268 240256 191207 250250 188188 193213 183183 
          TMC65 , 268272 240260 203207 250250 188204 181189 183183 
POP
           BCH1 , 272272 232232 191199 250250 200208 177193 203203 
           BCH2 , 264264 232232 195195 250250 200208 193193 195203 
           BCH3 , 264264 232240 195195 250250 200208 177177 195203 
           BCH4 , 264264 232232 195195 250250 208208 177177 203203 
           BCH5 , 264272 220232 191195 250250 200200 193193 203203 
           TLS1 , 272276 232236 187199 250250 208212 185189 171179 
           TLS2 , 272272 232232 199203 250250 208212 185185 171179 
           TLS3 , 272272 220232 199199 250250 212212 169197 171183 
           TLS4 , 272276 220220 195199 250250 208212 173185 171183 
           TLS5 , 276276 232232 195203 250250 208212 185185 171179 
POP
           BNF1 , 284288 232236 199199 250250 204208 177197 183191 
           BNF2 , 248276 232240 191199 250250 204208 193201 183195 
           BNF3 , 248248 204236 187199 250250 204208 205205 175191 
           BNF4 , 248284 240244 199199 250250 208208 173205 195195 
           BNF5 , 248248 240244 191191 250250 208208 173173 195195 
           BNF6 , 248276 236244 191199 250250 208224 189205 195195 
           BNF7 , 248248 240244 187199 250250 208208 177201 195195 
           BNF8 , 248248 236240 187191 250250 208224 189205 199211 
           BNF9 , 276276 240240 183187 250250 208224 189193 199199 
          BNF10 , 284284 240240 183199 250250 208224 173205 179195 
          BNF11 , 248248 236240 187199 250250 208208 189193 187191 
          BNF12 , 248248 224240 191191 250250 208208 173205 183191 
          BNF13 , 248284 232240 159191 250250 208224 177205 203203 
          BNF14 , 256284 224240 191191 250250 204224 201205 211211 
          BNF15 , 248276 224240 191191 250250 208208 189205 191195 
          BNF16 , 248276 228240 191191 250250 224232 193201 187191 
          BNF17 , 248276 236236 191199 250250 204208 173205 179187 
          BNF18 , 264288 244244 191199 250250 208232 193205 191195 
           BSF1 , 260272 232236 191199 250250 204204 189205 195195 
           BSF2 , 248280 224240 191191 250250 204208 177193 195195 
           BSF3 , 248260 204236 191191 250250 204204 173193 195195 
           BSF4 , 260288 224240 191191 250250 208208 177193 199199 
           BSF5 , 248260 236236 191199 250250 204204 177193 183203 
           BSF6 , 248260 232232 191199 250250 204208 173217 183191 
           BSF7 , 248272 224232 191191 250250 204212 173189 187191 
           BSF8 , 248260 236244 183199 250250 208208 173201 207207 
           BSF9 , 288288 232240 191191 250250 204208 193205 191195 
          BSF10 , 260272 236236 183191 250250 208208 193193 199199 
          BSF11 , 284284 232232 191199 250250 204208 177213 183187 
POP
           TSC1 , 188212 212232 195195 238238 212212 177181 163175 
           TSC2 , 216232 216228 191191 238238 232236 177181 187187 
           TSC3 , 228236 232244 191211 238238 232236 177177 183183 
           TSC4 , 244244 224228 171191 238238 212212 193193 183183 
           TSC5 , 248248 212212 191191 238238 240240 189193 171183 
           TSC6 , 236236 212212 191219 238238 212212 177177 179191 
           TSC7 , 224248 212220 195207 238238 240240 173181 179183 
           TSC8 , 224248 216220 191219 238238 248260 169177 175183 
           TSC9 , 228236 220244 191195 238238 240268 181185 179195 
          TSC10 , 224244 216228 219219 238238 256260 177193 175175 
          TSC11 , 200200 216220 195207 238238 240240 169181 195195 
          TSC12 , 188228 216220 207207 238238 232248 177181 175175 
          TSC13 , 188236 212228 191195 238238 248248 161189 171195 
          TSC14 , 200240 216232 191195 238238 248256 177181 175175 
          TSC15 , 248248 216232 195215 238238 236248 173181 183199 
          TSC16 , 224244 216244 195211 238238 252268 165173 179183 
          TSC17 , 188232 212212 211215 238238 220220 177189 163175 
          TSC18 , 212220 212220 195207 238238 212212 161177 171175 
          TSC19 , 200248 216224 159195 238238 232268 161189 147151 
          TSC20 , 228236 220220 195219 238238 220260 161177 171183 
          TSC21 , 224236 228232 159227 238238 240240 161177 175195 
POP
           FBF6 , 204212 224228 171171 238250 244244 169173 155163 
           FBF7 , 204236 232260 159159 258258 236244 189197 163163 
           FBF8 , 212240 232248 159175 230238 220236 189205 167167 
          FBF18 , 208212 220272 159167 238250 220236 161189 167167 
          FBF19 , 212220 220244 159171 238258 232244 193209 167167 
          FBF20 , 236240 236256 163163 238258 232236 161181 143159 
          FBF21 , 204212 220240 159171 238250 232244 173177 167167 
          FBF22 , 208236 240268 159159 238242 228240 177177 143155 
          FBF23 , 212212 220268 167171 230238 240244 177181 159163 
          FBF24 , 212240 236248 159171 250254 232236 177177 159163 
           FBF1 , 208212 236252 155167 242250 248252 177189 143143 
           FBF2 , 236244 232244 159171 254258 228240 169189 159159 
           FBF3 , 208212 244244 155167 238254 232244 165193 167167 
           FBF4 , 204212 232244 151155 238242 220240 161165 159159 
           FBF5 , 208212 240240 159163 254262 212236 161189 155167 
           FBF9 , 208212 256288 159171 250278 236240 173189 155159 
          FBF10 , 212232 240260 159159 254262 212220 161209 163163 
          FBF11 , 212240 220236 155159 238258 232236 161181 167167 
          FBF12 , 212228 220268 155183 250254 228248 177193 143143 
          FBF13 , 236236 228236 155167 250258 232236 177193 147163 
          FBF14 , 216236 232244 171171 242254 240244 165177 143163 
          FBF15 , 212224 240244 155167 238238 244244 177197 155155 
          FBF16 , 216228 224248 171175 250250 216232 173193 143159 
          FBF17 , 204216 228240 163171 238250 232244 189193 147147 
          FBF25 , 208216 232268 167171 238258 232244 177193 143167 
          FBF26 , 208208 236244 155159 238258 220244 181193 159159 
          FBF27 , 208208 244276 159167 238238 228236 173189 143143 
          FBF28 , 208216 228236 163167 238258 240244 193193 167167 
          FBF29 , 208232 236272 163163 238254 240244 185189 167167 
          FBF30 , 212216 244248 167171 230254 244244 169189 167167 
          FBF31 , 212232 224276 163163 250258 220232 197209 147167 
