Title line:""
EosC2
EosC3
EosC6
EosC117
EosD10
EosD11
EosD107
EosD116
EosD131
Esc26b
Cv12
POP
KAD930, 0303 0202 0203 0205 0203 1117 0312 0101 0507 0606 0410
KAD931, 0304 0202 0103 0202 0103 0110 0412 0102 0508 0105 0506
KAD932, 0103 0202 0102 0204 0105 0110 0404 0101 0305 0106 0607
KAD933, 0303 0202 0103 0202 0103 0413 0404 0101 0510 0608 0406
KAD934, 0304 0202 0101 0202 0303 0110 0404 0102 0108 0507 0606
KAD935, 0303 0202 0103 0202 0101 0307 0506 0101 0508 0506 0406
KAD936, 0303 0202 0303 0202 0102 0710 0405 0101 0507 0106 0406
KAD937, 0303 0202 0303 0205 0101 1015 0404 0101 0508 0606 0506
KAD938, 0303 0202 0101 0204 0102 0613 0404 0101 0305 0607 0405
KAD939, 0303 0202 0102 0204 0203 0117 0404 0101 0308 0507 0407
KAD940, 0304 0202 0102 0505 0101 1717 0404 0101 0105 0506 0606
KAD941, 0303 0202 0103 0202 0101 0715 0104 0102 0509 0506 0505
KAD942, 0303 0202 0203 0405 0103 1017 0404 0102 0309 0106 0606
KAD943, 0303 0202 0202 0202 0103 0307 0406 0102 0309 0106 0606
KAD944, 0103 0202 0103 0404 0103 0710 0404 0102 0405 0105 0406
KAD945, 0103 0202 0103 0202 0103 1015 0404 0101 0507 0608 0407
KAD946, 0304 0202 0103 0204 0303 0715 0405 0202 0505 0105 0606
KAD947, 0103 0202 0303 0204 0103 2023 0405 0102 0105 0106 0406
KAD948, 0103 0202 0103 0202 0103 0613 0405 0101 0708 0505 0506
1, 0304 0202 0101 0204 0102 1517 0405 0101 0707 0505 0506
POP
KAD651, 0303 0202 0101 0204 0103 0113 0507 0101 0505 0507 0607
KAD652, 0303 0202 0303 0202 0101 1723 0505 0102 0709 0608 0606
KAD653, 0303 0202 0203 0204 0101 0713 0404 0102 0707 0506 0506
KAD654, 0103 0202 0103 0202 0203 2023 0707 0101 0709 0505 0606
KAD655, 0303 0202 0306 0205 0101 0810 0710 0101 0303 0105 0506
KAD656, 0303 0202 0101 0204 0103 0720 0404 0101 0709 0107 0405
KAD657, 0303 0202 0303 0204 0102 0810 0404 0101 0505 0106 0606
KAD658, 0303 0202 0103 0205 0202 1723 0512 0101 0707 0506 0610
KAD659, 0303 0202 0101 0204 0103 1013 0707 0101 0808 0606 0406
KAD660, 0304 0202 0103 0205 0103 1013 0412 0101 0507 0107 0606
KAD661, 0303 0202 0101 0405 0103 0823 0408 0102 0508 0506 0606
KAD662, 0303 0202 0102 0204 0103 1020 0404 0101 0508 0505 0405
KAD663, 0304 0202 0203 0202 0103 1015 0405 0101 0508 0105 0606
KAD664, 0303 0202 0106 0202 0102 0810 0407 0101 0305 0506 0404
KAD665, 0304 0202 0103 0202 0101 0713 0412 0101 0506 0107 0606
KAD668, 0404 0202 0203 0202 0203 0110 0412 0101 0505 0506 0606
KAD666, 0303 0202 0101 0204 0303 1015 0407 0101 0107 0507 0406
KAD667, 0103 0202 0101 0204 0303 0110 0407 0102 0508 0405 0606
KAD669, 0303 0202 0103 0205 0203 0207 0407 0101 0709 0505 0606
2, 0303 0202 0101 0202 0303 1015 0404 0101 0308 0505 0404
POP
KAD710, 0404 0202 0106 0405 0303 2123 1010 0101 0509 0106 0909
KAD715, 0404 0202 0101 0405 0303 1323 0404 0101 0608 0506 0404
KAD719, 0404 0202 0306 0205 0303 2123 0810 0101 0507 0505 0406
KAD716, 0404 0202 0106 0505 0203 2021 0808 0101 0607 0105 0409
KAD706, 0304 0202 0106 0205 0303 1521 0505 0101 0509 0505 0609
KAD707, 0404 0202 0101 0405 0203 1321 0505 0101 0607 0106 0606
KAD708, 0404 0202 0106 0405 0103 2021 0808 0101 0607 0105 0406
KAD709, 0404 0202 0106 0404 0303 2123 0508 0101 0509 0505 0406
KAD711, 0404 0202 0106 0505 0303 2123 1010 0101 0509 0106 0909
KAD712, 0404 0202 0106 0505 0203 0321 0204 0101 0506 0505 0509
KAD713, 0404 0202 0106 0405 0303 1322 0405 0101 0609 0505 0909
KAD714, 0404 0202 0106 0404 0303 2223 0410 0101 0509 0101 0608
KAD717, 0404 0202 0106 0405 0303 0321 0408 0101 0506 0506 0406
KAD718, 0404 0202 0106 0405 0303 0321 0404 0101 0709 0506 0506
KAD720, 0404 0202 0106 0405 0203 0321 0405 0101 0607 0105 0408
3, 0404 0202 0101 0404 0203 0310 0404 0101 0506 0505 0607
POP
KAD704, 0404 0202 0106 0405 0202 0221 0410 0101 0506 0505 0406
KAD700, 0404 0202 0101 0405 0303 2223 0405 0101 0607 0606 0506
KAD701, 0304 0202 0101 0505 0203 2123 0510 0101 0507 0105 0409
KAD702, 0304 0202 0101 0505 0203 2123 0405 0101 0707 0106 0609
KAD703, 0404 0202 0103 0405 0203 1521 0811 0101 0608 0105 0409
4, 0304 0202 0106 0405 0203 0915 0508 0101 0509 0105 0404
POP
KAD957, 0101 0202 0305 0304 0101 0913 0510 0101 0507 0606 0406
KAD974, 0103 0202 0305 0404 0101 0711 0305 0101 0203 0505 0404
KAD968, 0404 0202 0505 0404 0103 1319 0505 0101 0406 0506 0407
KAD975, 0304 0202 0101 0505 0101 1019 0416 0102 0707 0207 0809
KAD954, 0304 0202 0103 0204 0101 1019 0113 0102 0607 0506 0103
KAD966, 0304 0202 0105 0304 0101 0406 0413 0101 0607 0506 0608
KAD965, 0404 0202 0105 0404 0105 0913 0405 0101 0707 0506 0104
KAD955, 0404 0202 0303 0405 0105 0708 0103 0102 0307 0506 0408
KAD962, 0304 0202 0505 0204 0101 0813 0417 0202 0607 0506 0808
KAD964, 0103 0202 0103 0404 0101 1319 0205 0101 0607 0505 0308
KAD963, 0104 0202 0305 0203 0102 0814 0305 0102 0607 0505 0104
KAD956, 0304 0202 0505 0104 0101 1019 0410 0101 0607 0505 0204
KAD972, 0404 0202 0105 0405 0101 1119 0507 0102 0708 0206 0108
KAD967, 0103 0202 0101 0204 0101 0710 0505 0102 0607 0506 0106
KAD953, 0103 0202 0303 0202 0102 0719 0103 0202 0607 0505 0408
KAD961, 0304 0202 0303 0304 0102 0810 0505 0101 0606 0506 0107
KAD959, 0404 0202 0101 0404 0101 0608 0513 0102 0307 0505 0308
KAD970, 0404 0202 0505 0203 0103 0719 0305 0102 0303 0606 0404
KAD973, 0404 0202 0103 0404 0101 0810 0414 0101 0607 0506 0408
KAD971, 0404 0202 0506 0404 0101 0719 0505 0101 0709 0506 0308
KAD969, 0404 0202 0505 0204 0101 0810 0303 0102 0709 0506 0308
KAD958, 0404 0202 0505 0305 0103 0710 1015 0202 0609 0505 0304
7, 0303 0202 0101 0404 0101 0608 0416 0102 0309 0505 0709
POP
KAD500, 0404 0202 0505 0404 0101 1015 0303 0202 0307 0606 0408
KAD501, 0404 0202 0105 0405 0101 0810 0303 0101 0607 0505 0108
KAD502, 0104 0202 0305 0204 0101 1010 0105 0202 0306 0606 0708
KAD503, 0303 0202 0303 0404 0103 0710 0105 0101 0306 0506 0304
KAD504, 0304 0202 0306 0205 0101 1319 0405 0202 0306 0606 0308
KAD505, 0304 0202 0505 0204 0101 0510 0303 0202 0607 0506 0408
KAD506, 0404 0202 0306 0405 0101 1919 0505 0101 0306 0505 0404
KAD507, 0404 0202 0105 0404 0101 1018 0203 0202 0306 0606 0108
KAD508, 0104 0202 0105 0303 0101 0710 0104 0202 0808 0506 0408
KAD509, 0404 0202 0305 0404 0101 0719 0213 0202 0608 0505 0108
KAD510, 0101 0202 0305 0204 0103 0719 0404 0102 0306 0505 0204
KAD511, 0404 0202 0106 0204 0101 1013 0404 0101 0307 0506 0404
KAD512, 0304 0202 0305 0204 0101 0710 1313 0102 0306 0606 0407
KAD513, 0304 0202 0305 0304 0101 0810 0105 0202 0307 0505 0404
KAD514, 0404 0202 0305 0404 0101 0719 0405 0102 0709 0505 0308
KAD515, 0304 0202 0505 0404 0101 1010 0513 0202 0507 0505 0103
KAD516, 0103 0202 0505 0404 0101 1819 0909 0202 0405 0606 0104
KAD517, 0303 0202 0306 0404 0101 0710 0303 0202 0707 0507 0404
8, 0304 0202 0505 0204 0101 0913 0104 0101 0207 0506 0308
POP
KAD552, 0304 0202 0105 0404 0101 1316 0413 0202 0708 0606 0306
KAD553, 0304 0202 0505 0204 0101 0708 0707 0202 0708 0606 0407
KAD554, 0104 0202 0105 0304 0101 0808 0607 0102 0309 0606 0407
KAD633, 0303 0202 0505 0404 0101 1012 0306 0101 0808 0506 0406
KAD634, 0104 0202 0105 0404 0105 0812 0304 0101 0309 0606 0309
KAD635, 0304 0202 0305 0204 0101 0709 0613 0102 0308 0606 0404
KAD636, 0404 0202 0505 0204 0101 1113 0613 0102 0307 0206 0409
KAD637, 0304 0202 0505 0204 0101 0410 0606 0102 0606 0206 0606
KAD638, 0303 0202 0505 0405 0101 0713 0613 0102 0307 0606 0409
KAD639, 0303 0202 0305 0205 0101 0707 0406 0202 0607 0606 0707
KAD640, 0103 0202 0305 0404 0101 0613 0606 0102 0307 0606 0709
KAD641, 0303 0202 0305 0205 0101 0813 0306 0202 0707 0606 0409
KAD642, 0103 0202 0101 0304 0101 0913 0303 0101 0808 0506 0307
KAD643, 0303 0202 0505 0405 0101 0808 0607 0202 0809 0606 0607
KAD646, 0304 0202 0505 0404 0101 0811 0607 0202 0708 0606 0607
KAD647, 0303 0202 0505 0204 0101 0809 0607 0102 0809 0506 0909
KAD648, 0303 0202 0505 0204 0101 0809 0607 0101 0809 0606 0409
KAD649, 0303 0202 0505 0204 0105 0708 0606 0102 0709 0205 0709
9, 0303 0202 0505 0404 0105 0808 0407 0101 0708 0506 0609
POP
KAD547, 0303 0202 0505 0404 0101 0813 0506 0101 0708 0606 0409
KAD536, 0303 0202 0505 0404 0105 2222 0611 0101 0707 0202 0708
KAD538, 0303 0202 0105 0404 0101 0808 0507 0101 0708 0606 0404
KAD541, 0303 0202 0505 0405 0505 0812 0406 0101 0707 0206 0304
KAD550, 0103 0202 0505 0404 0105 1012 0508 0101 0707 0206 0303
KAD542, 0303 0202 0505 0404 0105 1013 0608 0101 0707 0506 0307
KAD537, 0303 0202 0305 0505 0105 0608 0506 0101 0708 0606 0304
KAD539, 0303 0202 0505 0405 0101 1313 0606 0101 0707 0206 0708
KAD540, 0303 0202 0505 0404 0105 1013 0404 0101 0707 0606 0304
KAD544, 0303 0202 0505 0204 0105 0813 0513 0102 0607 0506 0404
KAD546, 0304 0202 0505 0404 0101 0813 0107 0101 0708 0206 0407
KAD548, 0303 0202 0105 0404 0101 1313 0607 0101 0708 0202 0708
KAD549, 0303 0202 0105 0404 0105 0813 0507 0101 0709 0506 0404
KAD551, 0303 0202 0505 0404 0101 1113 0607 0101 0708 0206 0408
10, 0304 0202 0505 0404 0105 0813 0404 0101 0708 0506 0404
POP
KAD574, 0203 0202 0505 0304 0105 1314 0506 0101 0910 0106 0808
KAD575, 0103 0202 0105 0104 0105 0808 0404 0102 0708 0506 0609
KAD1006, 0303 0202 0505 0404 0105 0814 0404 0102 0707 0205 0808
KAD994, 0103 0202 0101 0404 0105 0810 0404 0202 0808 0202 0708
KAD999, 0303 0202 0505 0304 0105 0812 0407 0202 0307 0206 0308
KAD1008, 0101 0202 0505 0101 0105 1313 0404 0202 0708 0205 0308
KAD1002, 0103 0202 0505 0104 0105 1014 0405 0102 0808 0205 0308
KAD998, 0103 0202 0505 0101 0101 1019 0506 0102 0608 0202 0306
KAD997, 0101 0202 0505 0104 0105 0710 0404 0101 0308 0506 0203
KAD995, 0101 0202 0505 0101 0105 0813 0404 0202 0707 0506 0309
KAD1005, 0101 0202 0505 0304 0101 0813 0404 0102 0708 0506 0708
KAD1010, 0303 0202 0505 0104 0105 1119 1111 0102 0707 0506 0808
KAD1012, 0304 0202 0505 0101 0105 0814 0405 0102 0708 0206 0809
KAD1003, 0103 0202 0505 0104 0505 0610 0406 0202 0808 0207 0308
KAD1000, 0101 0202 0505 0104 0105 0813 0406 0101 0607 0206 0909
KAD1007, 0303 0202 0505 0304 0101 0614 0405 0101 0608 0506 0810
KAD1013, 0303 0202 0505 0404 0101 0608 0406 0202 0708 0506 0309
KAD1001, 0103 0202 0505 0103 0105 0808 0406 0102 0708 0506 0808
KAD993, 0101 0202 0505 0404 0105 0814 0407 0102 0708 0202 0709
KAD1004, 0103 0202 0505 0404 0105 0808 0507 0102 0707 0206 0808
KAD1009, 0103 0202 0105 0104 0105 1318 0406 0102 0808 0202 0303
11, 0303 0202 0505 0104 0505 0808 0407 0202 0608 0205 0607
POP
KAD872, 0104 0202 0505 0104 0105 0813 0407 0202 0708 0202 0809
KAD874, 0303 0202 0505 0404 0105 0814 0404 0102 0808 0206 0307
KAD876, 0103 0202 0505 0304 0105 0614 0707 0102 0808 0206 0309
KAD873, 0304 0202 0505 0104 0101 0813 0304 0102 0709 0206 0708
KAD875, 0304 0202 0105 0404 0105 0808 0408 0102 0808 0206 0608
KAD985, 0303 0202 0101 0404 0105 0606 0407 0102 0808 0206 0608
KAD983, 0101 0202 0505 0104 0105 0810 0404 0102 0808 0506 0809
KAD988, 0101 0202 0505 0104 0105 0608 0411 0202 0707 0506 0809
KAD987, 0101 0202 0505 0104 0101 1014 0406 0102 0607 0506 0307
KAD991, 0303 0202 0505 0304 0505 0812 0607 0202 0308 0206 0303
KAD984, 0303 0202 0105 0101 0105 0813 0707 0202 0608 0606 0809
KAD986, 0104 0202 0505 0104 0101 0808 0407 0102 0708 0202 0809
KAD979, 0103 0202 0505 0101 0105 0810 0407 0202 0607 0506 0606
KAD977, 0303 0202 0101 0404 0105 0606 0407 0202 0708 0205 0808
KAD980, 0304 0202 0505 0404 0105 0613 0404 0202 0708 0205 0309
KAD992, 0303 0202 0505 0104 0105 0814 0407 0202 0708 0202 0808
KAD990, 0304 0202 0505 0404 0105 0813 0408 0202 0708 0206 0306
KAD976, 0103 0202 0105 0104 0505 0613 0411 0102 0708 0506 0909
KAD981, 0103 0202 0505 0104 0105 1418 0406 0101 0708 0505 0307
12, 0303 0202 0505 0103 0105 0813 0406 0202 0808 0206 0308
POP
KAD555, 0303 0202 0505 0304 0101 0810 0404 0101 1010 0106 0708
KAD556, 0103 0202 0505 0304 0101 0613 0606 0101 0810 0506 0808
KAD558, 0101 0202 0505 0404 0101 0613 0711 0202 0707 0606 0708
KAD559, 0404 0202 0505 0304 0101 1014 0411 0101 0910 0106 0808
KAD560, 0103 0202 0505 0404 0101 0618 0707 0102 0709 0206 0406
KAD562, 0303 0202 0505 0404 0101 1013 0506 0101 0708 0606 0808
KAD563, 0303 0202 0505 0404 0101 1014 0506 0101 0909 0606 0808
KAD557, 0103 0202 0105 0404 0105 0610 0406 0101 0909 0606 0409
KAD561, 0304 0202 0505 0304 0101 0612 0406 0102 0810 0205 0808
KAD564, 0303 0202 0505 0404 0101 0610 0405 0101 0610 0206 0808
KAD604, 0303 0202 0505 0404 0101 0612 0405 0101 0909 0606 0808
KAD605, 0103 0202 0505 0304 0101 0814 0406 0101 0809 0606 0308
KAD606, 0103 0202 0505 0404 0106 1314 0411 0101 0708 0205 0308
KAD607, 0103 0202 0505 0304 0101 0613 0606 0101 0810 0506 0808
KAD608, 0303 0202 0505 0104 0105 1010 0406 0101 1010 0102 0808
KAD609, 0303 0202 0505 0404 0105 0610 0611 0101 0808 0506 0708
KAD610, 0303 0202 0505 0404 0105 1012 0606 0101 0910 0506 0808
KAD611, 0103 0202 0505 0404 0101 0510 0506 0101 0710 0606 0808
KAD612, 0103 0202 0505 0304 0106 0810 0611 0101 0910 0606 0808
13, 0103 0202 0505 0104 0105 1012 0408 0101 0909 0206 0808
POP
KAD565, 0404 0202 0303 0204 0101 0608 0910 0202 0606 0303 0909
KAD566, 0404 0102 0303 0204 0101 0606 0910 0202 0609 0303 0303
KAD567, 0404 0102 0404 0404 0101 0606 0609 0202 0709 0303 0203
KAD568, 0404 0202 0303 0204 0101 0606 0609 0202 0607 0303 0309
KAD569, 0404 0102 0104 0404 0101 0606 0909 0202 0909 0303 0909
KAD570, 0202 0202 0304 0204 0101 0608 0910 0202 0609 0303 0303
KAD571, 0404 0101 0104 0205 0101 0606 0606 0202 0909 0303 0309
KAD572, 0101 0102 0303 0204 0101 0606 0609 0202 0609 0303 0309
KAD573, 0303 0101 0303 0205 0101 0615 0709 0202 0709 0303 0310
KAD596, 0404 0102 0103 0404 0101 0606 0609 0202 0909 0303 0909
KAD597, 0304 0102 0305 0204 0101 0613 0610 0102 0607 0305 0307
KAD598, 0303 0102 0303 0202 0101 0606 0609 0202 0809 0303 0909
KAD599, 0404 0202 0104 0404 0101 0606 0609 0202 0809 0303 0309
KAD600, 0404 0202 0101 0204 0101 0606 0809 0202 0506 0303 0607
KAD601, 0304 0202 0305 0204 0101 0813 0709 0102 0709 0305 0310
KAD602, 0303 0202 0105 0404 0101 0810 0406 0101 0307 0506 0307
14, 0303 0202 0105 0404 0104 0810 0910 0101 0307 0506 0307