Fish_ID	Cluster_ID	Reach_ID	Sfo_C113a	Sfo_C113b	Sfo_C88a	Sfo_C88b	Sfo_D100a	Sfo_D100b	Sfo_D75a	Sfo_D75b	Sfo_C115a	Sfo_C115b	Sfo_C129a	Sfo_C129b	Sfo_C24a	Sfo_C24b	Ssa_D237a	Ssa_D237b
Ind-474	KentDown	K01	132	152	183	183	215	233	181	181	228	354	223	232	116	116	291	433
Ind-475	KentDown	K01	132	148	183	183	211	269	176	181	228	228	223	223	116	116	300	304
Ind-476	KentDown	K01	128	132	183	183	211	215	176	181	228	358	223	223	116	119	304	420
Ind-477	KentDown	K01	132	132	183	183	219	228	176	214	242	354	232	232	116	119	321	458
Ind-478	KentDown	K02	128	132	180	183	215	219	176	176	246	354	232	232	119	119	416	416
Ind-479	KentDown	K02	132	152	183	192	219	219	181	181	228	248	232	232	116	116	416	433
Ind-480	KentDown	K02	132	132	183	183	219	269	181	214	228	242	232	232	116	119	300	416
Ind-481	KentDown	K02	132	152	183	183	211	215	181	181	242	308	223	232	116	119	424	441
Ind-482	KentDown	K02	128	132	183	183	219	219	181	181	228	242	232	232	116	116	300	433
Ind-483	KentDown	K03	128	132	183	183	215	228	181	193	228	246	223	232	116	116	433	433
Ind-484	KentDown	K03	132	132	183	183	228	237	181	181	240	242	223	232	116	119	291	433
Ind-485	KentDown	K03	132	152	183	183	269	269	214	214	242	242	232	232	116	119	295	433
Ind-486	KentDown	K03	132	152	183	183	269	269	214	214	242	246	232	232	116	119	291	291
Ind-487	KentDown	K03	132	152	183	183	211	215	181	181	242	358	223	223	119	119	424	441
Ind-488	KentDown	K04	132	132	183	183	219	219	176	181	228	228	223	232	116	119	295	420
Ind-489	KentDown	K04	132	132	183	183	219	228	181	185	240	242	223	232	116	116	291	433
Ind-490	KentDown	K04	132	132	183	183	228	237	181	185	240	242	223	232	116	119	291	433
Ind-491	KentDown	K04	132	132	183	183	215	237	185	214	242	246	223	232	116	116	291	416
Ind-492	KentDown	K05	132	152	183	183	219	228	176	181	246	358	223	232	116	116	304	486
Ind-493	KentDown	K05	132	148	183	192	219	219	176	181	242	248	223	232	116	119	291	300
Ind-494	KentDown	K06	132	132	183	183	228	228	176	181	242	358	223	223	116	119	300	433
Ind-495	KentDown	K06	132	132	180	183	215	215	176	176	242	246	226	232	110	113	295	433
Ind-496	KentDown	K06	132	132	183	183	215	237	181	185	242	246	223	232	116	116	291	416
Ind-497	KentDown	K07	132	132	183	183	219	224	176	181	238	242	223	223	116	122	304	433
Ind-498	KentDown	K07	132	132	183	183	211	269	181	197	242	242	223	232	116	116	304	433
Ind-499	KentDown	K07	132	148	183	183	224	228	181	181	242	308	223	223	116	122	304	433
Ind-500	KentDown	K08	132	152	183	192	215	219	181	181	242	246	232	232	119	119	300	433
Ind-501	KentDown	K08	132	132	183	183	211	228	181	181	242	242	223	223	116	116	291	300
Ind-502	KentDown	K08	132	152	183	183	219	228	185	197	240	242	232	232	116	119	291	433
Ind-503	KentDown	K09	132	132	183	183	219	219	181	181	242	242	223	236	116	116	300	300
Ind-504	KentDown	K09	132	148	183	183	228	228	181	181	242	242	223	232	116	116	433	433
Ind-505	KentDown	K09	132	132	183	183	219	228	181	214	228	242	223	232	116	116	291	433
Ind-506	KentDown	K10	132	132	183	183	219	228	181	181	242	246	223	223	116	116	291	300
Ind-507	KentDown	K10	132	152	183	183	219	269	181	214	242	246	223	232	116	116	291	433
Ind-508	KentDown	K10	132	152	183	183	219	237	185	197	240	242	223	232	116	116	291	300
Ind-509	KentDown	K11	132	132	183	186	219	228	181	181	228	242	232	232	116	119	286	321
Ind-510	KentDown	K11	132	132	183	183	219	269	181	181	242	246	232	232	116	116	291	433
Ind-511	KentDown	K11	132	152	183	183	269	269	176	181	228	242	223	232	116	119	312	433
Ind-512	KentDown	K12	132	152	183	183	219	219	181	181	228	228	223	236	116	116	286	433
Ind-513	KentDown	K12	128	148	183	183	211	215	181	181	228	358	223	232	116	116	420	433
Ind-514	KentDown	K12	132	132	183	183	269	269	181	214	228	246	223	232	116	119	291	291
Ind-515	KentDown	K13	132	152	183	183	269	269	181	181	242	358	232	232	116	119	416	420
Ind-516	KentDown	K13	132	152	183	183	215	269	181	181	228	246	232	232	116	116	416	420
Ind-517	KentDown	K13	132	132	183	183	228	237	181	181	228	242	223	223	116	116	291	433
Ind-518	KentDown	K14	132	132	183	183	211	219	181	197	228	246	223	232	119	119	300	312
Ind-519	KentDown	K14	152	152	183	183	219	219	176	176	228	228	232	232	116	119	433	433
Ind-520	KentDown	K14	148	148	183	186	219	228	176	214	242	358	226	236	113	116	300	433
Ind-521	KentDown	K15	132	152	183	183	211	215	181	197	228	246	223	223	116	116	433	433
Ind-522	KentDown	K15	132	152	183	183	219	228	181	197	228	246	232	232	116	119	300	433
Ind-523	KentDown	K15	132	152	183	183	219	219	181	181	228	246	232	232	116	116	416	433
Ind-524	KentDown	K16	132	152	183	183	211	219	181	197	228	246	232	232	116	119	300	312
Ind-525	KentDown	K16	132	152	183	183	211	219	181	197	228	246	219	223	113	113	300	433
Ind-526	KentDown	K16	132	132	183	183	215	228	181	197	246	246	232	232	116	119	433	433
Ind-527	KentDown	K17	132	152	183	186	215	219	181	181	242	242	232	232	116	122	433	433
Ind-528	KentDown	K17	148	152	183	186	228	228	176	181	242	354	223	232	113	116	300	433
Ind-529	KentDown	K17	132	132	183	183	215	228	181	197	228	246	223	232	116	119	312	433
Ind-530	KentMiddle	K18	132	152	183	183	219	219	197	197	228	358	232	232	116	116	295	300
Ind-531	KentMiddle	K18	132	132	183	183	219	219	181	181	246	312	223	232	116	119	433	433
Ind-532	KentMiddle	K18	128	132	183	183	215	228	176	176	228	228	232	232	116	116	300	433
Ind-533	KentMiddle	K19	132	148	183	186	211	219	176	214	228	242	223	236	116	116	300	304
Ind-534	KentMiddle	K19	132	152	183	183	215	237	176	181	228	246	223	232	119	119	286	304
Ind-535	KentMiddle	K19	128	132	183	183	224	228	181	197	246	312	223	223	116	116	300	300
Ind-536	KentMiddle	K20	132	152	183	186	215	219	176	185	228	228	223	236	116	119	304	433
Ind-537	KentMiddle	K20	132	132	183	183	219	219	181	181	242	246	223	232	116	119	420	486
Ind-538	KentMiddle	K20	148	148	183	183	215	219	181	197	246	358	223	223	116	119	312	416
Ind-539	KentMiddle	K21	132	152	183	183	219	219	181	181	228	228	232	232	113	113	286	437
Ind-540	KentMiddle	K21	132	132	183	183	219	237	181	181	228	308	223	223	116	119	429	437
Ind-541	KentMiddle	K21	132	152	183	183	228	274	176	181	228	358	223	223	116	119	304	486
Ind-542	KentMiddle	K22	128	128	183	183	215	215	181	181	246	312	223	232	116	116	433	433
Ind-543	KentMiddle	K22	148	152	183	183	215	228	181	181	242	346	223	232	116	116	416	433
Ind-544	KentMiddle	K22	132	152	183	183	219	224	176	181	242	308	223	232	119	119	286	300
Ind-545	KentMiddle	K23	132	132	186	186	219	237	181	181	228	242	232	232	116	116	300	433
Ind-546	KentMiddle	K23	132	132	183	186	219	228	181	181	228	242	223	232	113	119	286	416
Ind-547	KentMiddle	K23	128	128	183	186	219	219	181	181	228	242	223	232	116	116	286	286
Ind-548	KentMiddle	K24	128	132	183	183	215	228	176	197	242	358	232	232	116	122	300	433
Ind-549	KentMiddle	K24	128	152	183	183	215	269	181	181	242	358	223	232	116	116	304	433
Ind-550	KentMiddle	K24	128	132	183	186	219	219	181	181	242	242	223	232	116	119	433	433
Ind-551	KentMiddle	K25	132	152	183	183	219	219	176	181	228	242	232	236	116	119	321	433
Ind-552	KentMiddle	K25	132	152	183	183	219	228	176	181	242	312	223	232	116	119	295	433
Ind-553	KentMiddle	K25	128	128	183	183	219	228	176	176	228	242	223	232	116	119	300	433
Ind-554	KentMiddle	K26	132	152	183	183	219	228	176	181	228	246	223	232	116	116	304	486
Ind-555	KentMiddle	K26	152	152	183	183	211	228	176	181	358	358	223	232	119	119	304	441
Ind-556	KentMiddle	K26	128	148	183	183	219	228	176	214	242	358	223	223	116	119	300	433
Ind-557	KentMiddle	K27	132	132	183	183	219	219	176	214	308	358	223	223	113	116	300	416
Ind-558	KentMiddle	K27	132	152	183	183	228	274	181	181	242	358	223	232	116	119	300	433
Ind-559	KentMiddle	K27	132	132	183	183	228	237	197	214	228	358	223	232	116	116	304	433
Ind-560	KentMiddle	K28	132	132	183	186	219	237	181	181	228	346	232	232	113	116	286	416
Ind-561	KentMiddle	K28	128	132	183	183	219	219	176	181	242	242	223	232	116	119	304	433
Ind-562	KentMiddle	K28	132	152	183	183	215	228	176	181	358	358	223	232	119	119	304	304
Ind-563	KentMiddle	K29	128	152	183	183	215	237	176	176	228	228	223	223	116	116	300	433
Ind-564	KentMiddle	K29	132	132	183	186	215	219	193	197	228	246	232	232	116	119	291	433
Ind-565	KentMiddle	K29	132	132	183	183	219	219	176	181	246	312	223	232	116	119	433	433
Ind-566	KentMiddle	K30	128	148	183	183	219	219	181	181	242	358	223	232	119	122	300	300
Ind-567	KentMiddle	K30	132	132	183	183	219	219	181	181	244	312	232	232	116	119	300	433
Ind-568	KentMiddle	K30	132	152	183	183	215	237	181	181	242	358	223	223	113	119	295	300
Ind-569	KentMiddle	K31	128	148	183	183	215	215	181	181	242	358	223	223	116	119	424	433
Ind-570	KentMiddle	K31	132	152	183	183	215	228	181	181	228	228	223	232	116	119	300	416
Ind-571	KentMiddle	K31	132	152	183	183	215	219	176	181	228	242	223	232	116	119	286	291
Ind-572	KentMiddle	K32	132	148	183	183	215	219	197	214	246	358	223	232	119	119	312	441
Ind-573	KentMiddle	K32	132	132	183	183	215	219	176	181	242	242	223	232	116	119	291	300
Ind-574	KentMiddle	K32	132	132	183	183	215	215	181	181	228	242	223	223	116	119	433	433
Ind-575	KentMiddle	K33	148	152	183	183	219	228	176	181	228	308	232	232	116	119	416	433
Ind-576	KentMiddle	K33	132	132	183	183	219	219	181	181	354	358	223	232	116	119	300	416
Ind-577	KentMiddle	K33	132	148	183	186	215	269	181	185	346	358	223	232	116	119	291	416
Ind-578	KentMiddle	K34	148	148	183	183	215	237	176	181	228	312	223	223	116	116	304	429
Ind-579	KentMiddle	K34	128	148	183	183	219	228	176	176	358	358	232	232	116	119	300	433
Ind-580	KentMiddle	K34	128	132	183	183	215	219	181	181	242	356	223	232	116	119	416	424
Ind-581	KentMiddle	K35	132	148	183	183	219	228	181	214	228	358	232	232	119	119	300	433
Ind-582	KentMiddle	K35	132	152	183	183	219	241	181	181	246	312	232	232	116	119	295	433
Ind-583	KentMiddle	K35	128	132	183	183	219	219	176	181	242	358	223	232	116	119	295	420
Ind-584	KentMiddle	K36	132	132	183	183	219	219	181	181	246	246	223	223	116	119	416	420
Ind-585	KentMiddle	K36	132	132	183	186	219	237	181	181	228	346	223	232	116	119	286	286
Ind-586	KentMiddle	K36	132	148	183	183	219	228	176	181	228	242	232	232	119	119	416	433
Ind-587	KentUp	K37	132	152	183	183	215	219	176	214	228	228	223	232	116	116	295	433
Ind-588	KentUp	K37	128	132	183	183	219	219	181	181	242	242	223	223	119	119	295	433
Ind-589	KentUp	K37	132	132	183	183	219	219	181	181	312	358	232	232	116	119	300	433
Ind-590	KentUp	K38	132	152	183	186	215	228	176	181	228	242	232	232	119	119	416	416
Ind-591	KentUp	K38	132	132	186	186	219	219	176	181	242	246	223	232	116	119	433	486
Ind-592	KentUp	K38	132	132	183	183	219	219	176	197	246	346	223	223	116	119	300	433
Ind-593	KentUp	K39	132	132	183	186	219	233	181	181	228	238	223	232	113	119	291	291
Ind-594	KentUp	K39	132	132	183	186	215	215	176	181	228	242	223	223	116	116	295	420
Ind-595	KentUp	K39	132	132	183	183	219	228	181	214	228	308	232	232	116	119	416	433
Ind-596	KentUp	K40	132	132	183	183	219	219	176	181	228	358	223	223	116	119	295	300
Ind-597	KentUp	K40	132	152	183	183	219	228	181	181	228	308	232	232	116	119	416	433
Ind-598	KentUp	K40	132	132	183	183	219	219	181	214	242	246	223	223	116	119	416	420
Ind-599	KentUp	K41	132	132	183	183	215	219	181	214	228	308	232	232	119	119	286	433
Ind-600	KentUp	K41	132	132	183	183	219	219	176	181	242	242	223	232	116	119	295	486
Ind-601	KentUp	K41	132	148	183	183	215	215	176	181	228	346	223	223	116	119	295	308
Ind-602	KentUp	K42	132	152	183	183	219	228	181	181	228	308	232	232	119	119	416	433
Ind-603	KentUp	K42	132	152	183	183	228	274	176	181	228	358	223	232	116	119	300	433
Ind-604	KentUp	K42	132	148	183	183	215	228	176	181	228	346	223	223	116	116	295	420
Ind-605	KentUp	K43	132	132	183	183	237	269	176	181	242	242	232	232	116	116	300	416
Ind-606	KentUp	K43	132	148	183	186	228	228	176	181	242	358	223	223	116	119	300	433
Ind-607	KentUp	K43	128	132	183	183	224	228	176	181	228	242	223	232	116	119	437	486
Ind-608	KentUp	K44	132	132	183	183	269	269	181	197	242	358	223	223	119	122	312	433
Ind-609	KentUp	K44	132	132	183	186	215	219	176	181	228	354	223	223	116	116	295	420
Ind-610	KentUp	K44	132	132	183	183	215	219	181	181	228	308	223	223	119	119	291	291
Ind-611	KentUp	K45	128	132	183	183	215	219	181	181	242	312	223	223	116	119	295	295
Ind-612	KentUp	K45	128	148	183	183	215	228	176	181	228	246	223	232	116	116	295	420
Ind-613	KentUp	K45	132	148	183	183	215	228	176	181	228	346	223	232	119	119	420	420
Ind-614	KentUp	K46	128	132	183	183	219	224	181	181	248	312	223	232	116	116	300	433
Ind-615	KentUp	K46	132	132	186	186	219	219	181	181	242	242	223	232	116	119	433	486
Ind-616	KentUp	K46	128	132	183	186	215	219	176	181	242	248	223	232	116	119	420	449
Ind-617	KentUp	K47	128	152	183	183	219	269	176	185	246	312	232	232	116	119	321	433
Ind-618	KentUp	K47	128	132	183	186	219	224	176	181	246	246	223	232	116	119	286	321
Ind-619	KentUp	K47	128	132	183	186	215	228	176	181	240	312	223	223	116	119	420	433
Ind-620	KentUp	K48	132	148	183	186	215	215	181	181	242	312	232	236	116	119	295	433
Ind-621	KentUp	K48	128	148	183	186	215	228	181	181	242	242	223	232	116	119	433	441
Ind-622	KentUp	K48	132	152	183	183	215	219	181	181	228	242	223	223	116	116	295	433
Ind-623	KentUp	K49	132	148	183	183	215	269	181	181	242	248	223	232	116	116	295	300
Ind-624	KentUp	K49	148	148	183	183	219	269	181	181	242	248	223	232	116	116	295	416
Ind-625	KentUp	K49	132	148	183	183	219	269	181	181	242	248	223	232	116	116	416	420
Ind-626	KentUp	K49	148	148	183	183	219	219	181	185	238	244	223	223	119	119	433	433
Ind-627	KentUp	K50	132	148	183	183	215	219	181	214	246	358	223	223	116	116	312	416
Ind-628	KentUp	K50	148	152	183	183	215	224	181	181	242	312	223	232	116	119	416	433
Ind-629	KentUp	K50	132	132	183	186	219	224	181	214	242	246	223	232	116	116	295	486
Ind-630	KentUp	K50	128	148	183	186	215	219	181	185	346	358	223	223	116	119	416	441
Ind-631	KentUp	K51	132	132	183	186	219	219	176	181	228	242	223	223	116	119	300	300
Ind-632	KentUp	K51	128	148	183	183	219	228	181	181	246	354	223	232	116	119	433	433
Ind-633	KentUp	K51	152	152	183	186	215	219	181	214	242	308	223	232	116	119	416	420
Ind-634	KentUp	K51	132	148	183	183	215	215	181	181	228	358	223	232	116	116	295	300
Ind-635	KentUp	K52	128	148	183	186	215	228	181	181	242	358	223	223	113	119	433	441
Ind-636	KentUp	K52	132	132	183	183	215	219	181	181	228	228	232	232	116	122	433	433
Ind-637	KentUp	K52	128	132	183	183	228	228	181	181	228	248	223	232	116	119	300	416
Ind-638	KentUp	K52	128	132	183	183	215	269	181	181	246	248	223	232	116	119	295	433
Ind-639	KentUp	K53	132	148	183	186	219	219	181	214	242	312	232	232	116	119	295	295
Ind-640	KentUp	K53	128	132	183	183	211	219	176	181	240	246	223	232	116	119	295	304
Ind-641	KentUp	K53	132	132	183	183	215	215	176	181	312	312	223	223	116	119	300	433
Ind-642	KentUp	K53	132	148	183	183	215	219	181	185	240	246	223	223	119	119	300	312
Ind-643	KentUp	K54	132	152	183	183	219	237	176	181	358	358	223	223	116	116	295	433
Ind-644	KentUp	K54	132	132	186	186	219	224	181	181	228	242	223	232	119	122	321	416
Ind-645	KentUp	K54	148	148	183	183	215	219	181	185	240	246	223	236	119	119	300	433
Ind-646	KentUp	K54	132	132	183	183	219	219	176	185	228	228	232	232	116	119	416	486
Ind-647	KentUp	K54	132	152	183	183	219	228	176	181	242	246	232	232	116	122	295	486
Ind-648	KentUp	K54	132	148	183	186	219	219	176	181	242	312	223	232	116	116	295	433
Ind-649	KentUp	K55	132	152	183	183	215	219	181	185	240	246	223	232	119	119	300	312
Ind-650	KentUp	K55	132	152	186	186	215	219	176	181	228	354	223	223	116	116	295	433
Ind-651	KentUp	K55	128	132	183	183	215	219	176	181	246	246	223	223	116	116	424	433
Ind-652	KentUp	K55	128	132	183	183	215	269	181	181	246	358	223	232	116	116	321	433
Ind-653	KentUp	K55	132	132	183	183	219	219	181	181	228	242	223	232	116	119	433	433
Ind-654	KentUp	K55	148	148	183	183	219	269	181	181	242	248	223	223	119	119	300	300
Ind-655	KentUp	K56	148	152	183	183	219	219	181	185	240	240	223	223	119	119	433	433
Ind-656	KentUp	K56	132	148	183	183	228	269	181	181	248	358	232	236	119	119	300	416
Ind-657	KentUp	K56	132	152	183	186	215	219	176	181	246	246	223	236	119	119	300	433
Ind-658	KentUp	K56	132	132	183	186	215	215	176	181	240	308	223	223	119	119	300	420
Ind-659	KentUp	K56	132	132	183	183	215	219	176	181	312	346	232	232	116	119	286	424
Ind-660	KentUp	K56	132	132	183	183	219	228	181	185	246	354	232	232	116	119	433	433
Ind-661	KentUp	K57	128	132	183	183	215	228	181	181	246	354	223	232	116	116	433	433
Ind-662	KentDown	KT0-01	132	152	183	186	219	228	197	197	228	228	223	232	119	119	295	295
Ind-663	KentDown	KT0-01	132	132	183	192	211	269	176	181	228	246	223	232	116	116	433	433
Ind-664	KentDown	KT0-01	132	148	183	183	219	237	176	181	242	246	232	232	116	119	291	433
Ind-665	KentDown	KT0-01	132	152	183	186	219	228	197	197	228	228	232	232	116	119	304	433
Ind-666	KentDown	KT0-01	135	152	183	183	219	224	176	197	228	228	232	232	116	119	304	433
Ind-667	KentDown	KT0-01	132	152	183	186	219	228	197	197	228	228	232	232	119	119	304	416
Ind-668	KentDown	KT0-01	132	132	183	183	219	228	181	181	240	246	232	232	116	119	291	295
Ind-669	KentDown	KT0-01	152	152	183	186	219	228	197	197	228	228	232	232	119	119	295	433
Ind-670	KentDown	KT0-01	132	132	183	186	219	269	181	197	228	300	223	232	119	119	416	433
Ind-671	KentDown	KT2-01	128	132	183	183	219	269	181	181	242	358	232	232	116	119	300	433
Ind-672	KentDown	KT2-01	132	152	183	183	215	237	176	214	228	242	223	223	116	116	300	433
Ind-673	KentDown	KT2-01	152	152	183	183	219	269	197	214	244	308	232	236	116	122	291	458
Ind-674	KentDown	KT2-01	132	132	183	183	211	219	181	197	228	246	223	232	116	116	300	312
Ind-675	KentDown	KT2-02	132	132	183	192	219	228	176	181	242	248	223	223	116	119	300	433
Ind-676	KentDown	KT2-02	128	148	183	183	219	219	181	181	242	248	223	232	116	119	291	295
Ind-677	KentDown	KT2-02	132	152	183	183	215	219	181	214	242	242	232	232	116	122	433	441
Ind-678	KentDown	KT2-03	132	132	183	183	219	269	181	181	242	358	232	232	116	119	300	486
Ind-679	KentDown	KT2-03	128	132	183	186	215	219	176	176	228	242	232	236	116	119	295	433
Ind-680	KentDown	KT2-03	128	152	183	192	211	269	176	176	240	300	232	232	113	116	433	458
Ind-681	KentDown	KT2-03	128	132	183	183	219	237	181	181	246	308	223	232	113	119	304	433
Ind-682	KentDown	KT2-03	132	132	183	183	219	228	181	197	228	246	223	232	116	119	300	433
Ind-683	KentDown	KT2-03	128	152	183	186	215	219	185	214	228	358	232	232	116	119	295	304
Ind-684	KT4	KT4-01	132	132	183	183	228	269	176	181	242	358	223	232	116	116	300	433
Ind-685	KT4	KT4-01	132	148	183	183	215	228	185	214	242	358	223	232	116	119	291	300
Ind-686	KT4	KT4-01	148	152	183	183	219	237	176	181	246	312	223	232	116	119	295	429
Ind-687	KT4	KT4-02	132	132	183	183	219	228	176	181	242	248	223	232	116	119	291	433
Ind-688	KT4	KT4-02	148	152	183	183	219	228	176	181	246	312	232	232	116	119	295	433
Ind-689	KT4	KT4-02	132	132	183	183	219	219	181	197	228	312	232	236	116	116	300	300
Ind-690	KT4	KT4-03	132	132	183	183	219	219	176	181	242	358	223	232	116	116	300	300
Ind-691	KT4	KT4-03	128	132	183	183	219	228	176	176	242	248	232	232	116	116	300	433
Ind-692	KT4	KT4-03	128	152	183	183	215	215	181	197	312	358	223	232	116	119	433	433
Ind-693	KT4	KT4-04	148	152	183	186	215	215	181	214	246	246	223	223	119	119	300	433
Ind-694	KT4	KT4-04	132	132	183	183	219	237	176	176	228	312	223	232	116	116	304	429
Ind-695	KT4	KT4-04	132	132	183	183	219	219	181	181	242	248	232	232	116	116	291	300
Ind-696	KT4	KT4-05	128	132	183	183	219	233	181	181	242	248	223	223	116	116	291	300
Ind-697	KT4	KT4-05	148	152	183	186	219	219	181	185	228	358	232	232	119	122	291	433
Ind-698	KT4	KT4-05	132	132	183	183	219	233	181	181	240	248	223	232	116	119	291	300
Ind-699	KT4	KT4-06	132	132	183	183	215	219	181	185	228	358	232	232	119	122	420	486
Ind-700	KT4	KT4-06	132	152	183	183	215	219	176	181	242	358	223	232	119	119	295	433
Ind-701	KT4	KT4-06	128	132	183	192	219	219	181	181	228	242	223	232	116	116	300	416
Ind-702	KT4	KT4-07	132	148	183	183	228	233	176	181	228	358	223	223	116	122	291	291
Ind-703	KT4	KT4-07	132	148	183	183	219	228	181	197	228	248	223	223	116	116	433	433
Ind-704	KT4	KT4-07	132	148	183	183	215	228	181	181	246	358	223	223	116	119	291	433
Ind-705	KT4	KT4-08	132	132	183	183	219	233	176	181	242	248	223	232	116	116	291	300
Ind-706	KT4	KT4-08	148	152	183	183	215	228	181	181	246	358	223	223	116	116	291	433
Ind-707	KT4	KT4-08	132	132	183	183	215	219	181	181	242	354	223	232	119	122	416	424
Ind-708	KT4	KT4-09	132	148	183	183	215	228	181	197	358	358	223	232	116	122	291	433
Ind-709	KT4	KT4-09	132	132	183	183	233	237	176	197	242	312	223	223	116	116	300	429
Ind-710	KT4	KT4-09	132	132	183	183	215	219	181	214	228	246	223	223	116	119	433	433
Ind-711	KT4	KT4-10	132	132	183	183	215	219	176	181	248	354	223	232	116	116	416	486
Ind-712	KT4	KT4-10	132	148	183	183	219	269	181	193	312	312	232	232	116	116	291	308
Ind-713	KT4	KT4-10	128	132	183	183	219	233	181	181	228	242	223	232	116	116	291	304
Ind-714	KT4	KT4-11	132	132	183	183	215	219	176	181	246	248	232	232	119	119	433	486
Ind-715	KT4	KT4-11	132	132	183	186	228	228	181	181	246	358	223	232	116	119	433	486
Ind-716	KT4	KT4-11	132	132	183	183	228	233	181	181	228	246	232	232	116	116	291	433
Ind-717	KT4	KT4-12	128	132	183	183	219	219	181	193	244	244	223	232	116	119	300	433
Ind-718	KT4	KT4-12	132	132	183	183	219	269	181	181	246	312	223	236	116	122	433	486
Ind-719	KT4	KT4-13	132	148	183	183	219	228	181	181	228	242	223	223	116	119	291	433
Ind-720	KT4	KT4-13	132	132	183	183	215	219	176	181	246	246	232	236	116	119	433	486
Ind-721	KT4	KT4-13	132	152	183	183	228	233	181	181	242	246	223	223	116	119	291	433
Ind-722	KT4	KT4-14	132	132	183	183	219	219	181	181	246	246	232	236	116	119	433	486
Ind-723	KT4	KT4-14	132	152	183	183	219	228	181	181	228	242	223	223	116	119	291	433
Ind-724	KT4	KT4-14	132	132	183	183	228	233	181	181	228	358	223	223	116	119	291	433
Ind-725	KT4	KT4-15	132	132	183	183	219	228	181	181	242	312	232	232	116	119	295	433
Ind-726	KT4	KT4-16	132	132	183	183	219	228	176	181	242	248	232	232	116	119	295	433
Ind-727	KT4	KT4-16	148	148	183	183	219	219	176	181	242	338	232	236	116	119	291	433
Ind-728	KT4	KT4-16	132	148	183	183	219	228	181	181	228	246	223	232	116	116	416	433
Ind-729	KT4	KT4-17	128	152	183	186	237	269	193	197	246	358	223	223	116	119	295	321
Ind-730	KT4	KT4-18	132	152	183	183	219	228	181	181	246	358	223	232	116	119	291	433
Ind-731	KT4	KT4-18	148	152	183	183	219	233	181	181	242	246	223	232	116	116	286	291
Ind-732	KT4	KT4-18	128	148	183	183	219	269	176	176	312	358	223	232	113	119	300	486
Ind-733	KT4	KT4-19	132	132	183	183	219	269	181	181	342	358	232	232	116	119	312	486
Ind-734	KT4	KT4-19	132	132	183	183	215	219	176	197	228	358	223	232	116	119	433	433
Ind-735	KentUp	KT5-01	132	152	183	183	215	215	176	185	246	312	223	223	119	119	321	433
Ind-736	KentUp	KT5-01	132	148	183	183	215	215	181	181	242	312	223	232	119	119	295	420
Ind-737	KentUp	KT5-02	132	152	183	183	219	219	181	185	240	240	223	223	119	119	312	433
Ind-738	KentUp	KT5-02	132	132	183	183	219	228	181	181	242	246	223	232	116	119	295	486
Ind-739	KentUp	KT5-02	128	148	183	183	219	219	176	181	248	358	223	232	116	116	291	416
Ind-740	KentUp	KT5-02	132	148	183	183	219	219	181	181	228	308	223	223	116	119	300	420
